-0.62988
-0.81152
0.74609
-0.82715
-0.26465
0.80469
0.44336
-0.09375
-0.91504
-0.92969
0.68457
-0.94141
-0.91406
0.02930
-0.60059
0.71582
0.15625
-0.83105
-0.58398
-0.91895
-0.31152
0.92871
-0.69824
-0.86816
-0.35742
-0.51563
-0.48633
0.21582
-0.31055
0.65723
-0.41211
0.93652
0.44629
0.90723
0.80566
-0.64648
-0.38965
0.36621
-0.90039
0.93066
0.12207
0.23730
-0.53125
-0.59082
0.62598
0.02051
0.10840
-0.29297
-0.41895
-0.50977
0.44824
-0.35938
-0.31055
0.67480
0.76172
0.00293
-0.91992
0.31934
-0.17090
0.55273
-0.50293
0.49023
-0.01172
-0.39844
-0.78223
-0.91895
-0.09473
0.72266
0.70117
0.48535
-0.68164
0.49121
-0.62891
0.51270
-0.85840
0.29980
0.60645
0.49805
-0.23242
0.05371
0.29688
-0.66211
-0.17090
-0.09961
-0.83398
0.42871
-0.51465
-0.50781
0.23926
-0.13574
0.84863
0.89258
-0.06152
-0.55859
-0.86816
0.74023
-0.13770
0.06152
0.97656
0.32617
0.67578
-0.58887
0.37793
-0.05664
0.66895
-0.20410
0.47363
-0.30859
-0.37891
-0.49609
0.09863
0.83203
0.54199
-0.82715
0.69531
-0.65137
-0.07715
-0.99219
0.84375
0.11426
0.78711
-0.92383
0.99121
-0.54980
-0.63477
-0.73730
0.83105
0.20020
0.48047
-0.60059
0.13672
-0.82129
0.63672
0.47266
0.70898
0.72754
-0.73828
-0.15918
-0.09961
0.70996
-0.70605
-0.24414
0.29785
-0.02637
0.19629
0.84766
0.52051
0.75293
0.63184
0.52051
0.16504
0.90039
-0.80566
-0.88965
0.01855
0.02148
0.32422
-0.79980
0.26172
0.77734
-0.56055
0.22070
0.51660
0.19238
0.80664
0.73633
-0.88379
-0.91211
-0.15039
0.88086
0.53027
0.29395
-0.64258
0.96875
0.91406
0.66211
-0.29785
-0.46387
-0.29590
0.09863
-0.09375
0.40723
-0.48926
0.62207
-0.37402
0.63281
0.26270
-0.25098
-0.56055
0.83789
-0.85840
-0.55176
0.02637
0.12793
0.10645
0.38770
-0.01660
-0.02148
-0.63574
-0.58984
-0.28906
0.24316
-0.62305
-0.06543
0.29883
-0.87793
-0.75195
-0.10059
-0.24512
-0.17383
0.58496
0.39746
0.05859
0.53906
-0.68848
0.61035
0.54785
0.65820
0.54492
0.12891
0.37793
-0.84668
0.13965
0.62988
-0.80957
-0.95996
0.12207
0.77734
0.48340
0.18262
-0.18945
0.47559
-0.20605
-0.42285
0.55664
0.76563
0.40625
0.36230
0.15137
-0.01563
0.82910
0.47461
-0.60156
0.94141
-0.85742
-0.46094
0.02246
-0.15723
0.52539
0.08203
-0.92578
-0.09375
-0.04199
0.53711
0.02246
-0.24805
-0.35840
0.20898
0.26465
-0.97559
0.92480
-0.77051
-0.82617
-0.59277
0.80273
0.47656
0.32910
-0.35938
0.72656
-0.44238
0.78613
-0.30762
0.01172
-0.55762
-0.42969
-0.80762
-0.78223
0.33203
-0.39746
0.60449
0.93848
-0.48828
0.00000
0.04004
-0.80957
-0.21973
-0.23535
-0.71875
-0.61133
-0.15332
0.63379
0.52051
-0.77344
0.94238
0.02051
0.66406
-0.95703
-0.42578
-0.00098
0.05762
0.88086
-0.36426
0.91504
0.85742
-0.04297
0.80664
-0.63672
-0.63477
-0.44531
0.70020
-0.31934
-0.03711
-0.94629
-0.29785
-0.60059
0.09277
0.13477
-0.65039
0.83301
0.73340
0.65332
0.21777
-0.66309
-0.60645
0.87891
0.20117
-0.05371
0.16602
-0.31348
-0.25586
0.41602
0.13672
0.96875
-0.96777
0.66602
0.78711
0.25488
0.60352
0.02051
0.32129
-0.90332
-0.84082
0.89453
-0.47559
0.46191
0.15430
-0.09570
-0.88574
0.16406
-0.96582
0.39746
-0.40234
-0.33301
-0.07813
-0.39648
-0.33301
0.64355
0.74414
-0.99805
0.65820
0.93457
-0.12207
-0.76367
-0.33789
0.61914
0.26172
0.07813
-0.96289
0.68750
-0.71094
-0.28906
0.24707
0.61816
0.14355
0.03613
0.75879
-0.17871
0.54785
0.23047
-0.16602
0.49609
0.41895
-0.23438
0.46973
-0.64844
-0.96484
-0.46094
0.31250
-0.16797
0.78418
-0.81250
-0.75977
-0.63574
0.47852
-0.18848
0.95508
0.14941
0.37500
0.67676
0.64258
0.15430
0.81152
-0.19727
0.05859
-0.39160
-0.39941
-0.27734
0.93262
0.86230
0.36035
-0.06152
-0.30859
0.18457
-0.63965
-0.43652
-0.93750
-0.06250
0.34961
0.78906
-0.22168
-0.55762
0.15332
0.81836
0.46680
0.69238
0.43848
0.12012
-0.05469
0.08496
-0.75098
-0.03613
-0.88770
-0.27539
-0.91504
0.51855
-0.35254
0.42188
-0.34375
-0.39063
0.86426
0.49023
0.55176
-0.33594
-0.68848
0.31152
-0.56152
-0.35059
0.98633
-0.20410
0.22656
-0.83203
0.99805
0.07520
0.15137
0.07813
-0.54004
0.35547
-0.56934
0.05762
0.92871
0.64844
-0.44336
0.05273
0.69434
0.31738
-0.21484
0.61621
-0.47656
0.51465
-0.83496
0.46191
-0.53125
0.62305
0.42480
0.81738
-0.15234
-0.36719
-0.09277
0.14844
-0.28906
-0.29492
-0.35840
-0.27148
-0.89063
0.58203
-0.41895
0.52734
0.76074
-0.21484
0.09961
0.08301
-0.32422
-0.54102
0.29980
-0.32422
0.16797
-0.68359
-0.66602
0.48730
-0.22656
-0.16406
-0.08105
-0.74023
0.47070
0.36426
0.76172
-0.87988
-0.29102
0.04102
-0.27832
-0.08984
-0.29492
-0.08789
-0.44238
-0.04492
-0.98730
0.56250
0.78809
0.78027
0.87305
0.19043
0.10352
0.26855
-0.52734
-0.25586
-0.54395
-0.86523
-0.94531
0.61621
0.72266
-0.39258
0.81250
-0.05078
-0.06055
-0.72266
0.03027
0.21289
-0.34277
-0.48242
-0.04004
0.30469
0.70020
-0.17188
0.47559
0.91113
-0.50977
0.51465
0.11523
-0.37598
0.28125
-0.47266
0.21094
-0.36719
-0.40820
0.11523
0.96094
0.33789
0.15137
0.45898
0.60547
-0.64355
0.14063
-0.77539
0.21777
-0.53809
0.20605
-0.61719
-0.50977
0.24512
0.56836
-0.58105
-0.89844
0.34473
-0.34277
0.12305
-0.66699
-0.53809
0.66504
-0.72363
-0.97949
-0.02930
-0.76855
-0.17578
0.69043
0.60059
0.18652
-0.49707
-0.65137
-0.58008
0.36328
-0.06836
0.82031
0.77637
0.72754
-0.35742
0.00977
0.62012
0.00977
0.70508
0.88965
-0.70117
-0.12109
-0.85938
-0.39355
-0.16602
-0.63086
-0.75781
-0.97754
0.99902
-0.73047
-0.22559
-0.97949
-0.05566
0.04102
-0.60254
0.54395
0.00391
-0.80176
-0.14941
-0.69043
-0.47754
-0.17188
0.50684
-0.33301
0.83301
-0.25195
-0.32227
-0.45996
-0.78125
-0.96484
-0.53809
-0.16309
-0.85645
-0.16016
0.96582
0.75781
-0.72559
0.03125
-0.68945
0.58105
-0.10449
-0.25977
0.93555
-0.22949
0.27539
0.90137
0.02051
0.61523
0.75391
0.58887
0.70703
0.62207
0.91504
-0.27051
0.43652
-0.07715
-0.39063
0.00195
-0.07129
0.10938
0.75195
0.01953
-0.70605
-0.74805
0.45898
0.58301
-0.12988
-0.28027
0.16602
0.58789
-0.89551
0.83594
0.78906
0.71582
0.66699
-0.24219
-0.14746
0.89551
-0.86230
-0.45703
-0.47559
0.87305
-0.72070
-0.86914
-0.96875
-0.71777
-0.57129
-0.02637
0.64453
0.20313
0.73242
0.93848
-0.87793
0.39746
0.40918
0.33398
0.06543
-0.29688
0.94922
-0.68457
-0.11816
-0.70801
0.30469
0.10840
0.89160
0.64551
-0.32520
0.33789
-0.79688
0.76367
-0.97656
-0.08008
-0.41406
-0.99902
0.42383
0.17090
0.07031
-0.52832
-0.63672
0.79980
0.64355
0.28027
0.88672
-0.04395
0.32813
0.64844
0.58203
-0.81055
-0.35059
0.06348
-0.82422
0.79199
-0.49121
-0.47266
-0.12402
0.63184
-0.19434
0.40039
0.73145
0.57520
-0.79004
0.85742
0.51465
0.89258
0.11621
0.97363
-0.79395
0.60645
0.81348
0.38574
0.08789
0.79688
-0.99121
0.33594
0.40527
0.87598
0.40332
0.90723
-0.01074
-0.52246
-0.26172
0.82031
0.83789
-0.55469
-0.81055
-0.06738
0.78125
-0.65137
0.32422
0.41211
-0.49219
0.97949
0.90332
-0.33594
-0.20703
-0.05176
-0.45898
-0.41406
-0.56250
0.42383
-0.38477
-0.11328
0.20703
0.87695
-0.56055
0.32520
-0.21582
-0.48242
0.79004
0.74414
-0.09863
0.02930
-0.78125
-0.59766
-0.46875
0.89746
0.85449
0.82324
-0.59668
-0.88574
-0.36719
0.73535
-0.44531
0.77930
0.76465
-0.28125
0.34277
-0.30762
-0.49805
-0.16602
-0.48047
0.53027
-0.46973
-0.94141
-0.73340
0.82715
0.26758
0.26172
-0.37012
-0.19629
-0.57910
0.26465
0.58789
0.82715
-0.54395
0.58887
0.22363
-0.10352
0.54199
-0.28418
0.03125
0.69629
-0.56348
0.79883
0.41211
0.52539
-0.06152
0.81738
0.18945
0.79004
0.77539
-0.56934
0.41699
-0.20703
-0.92871
0.13477
-0.38965
-0.51660
0.13477
-0.31055
0.78027
-0.86719
0.62500
0.46777
-0.59570
0.02441
-0.53809
0.20801
0.45410
0.92578
-0.34668
0.14063
0.09668
-0.21973
0.88086
0.36816
-0.54590
-0.39258
0.74902
0.73926
0.81543
0.98438
0.15332
-0.31152
-0.44629
-0.06250
0.78223
-0.26367
0.74707
0.73145
0.80273
0.71582
0.66309
0.60742
0.36523
0.36719
0.56445
0.49805
-0.78613
-0.40625
-0.11133
0.63086
0.57617
0.84570
-0.82715
-0.41309
-0.11523
0.37305
0.66797
-0.24512
-0.97559
0.65918
0.48438
0.20605
0.85156
-0.36816
0.19531
-0.96582
0.19531
-0.24121
0.69141
0.23730
0.67773
-0.51660
-0.74219
0.29883
-0.37109
0.41211
-0.06152
-0.66504
-0.19531
0.32910
0.40137
0.09473
0.15430
0.28125
-0.11621
-0.48535
0.15137
0.14160
0.75000
0.95117
0.41992
0.36523
-0.30762
-0.91406
-0.87109
0.08398
0.51953
-0.52734
-0.51855
-0.48145
-0.48730
0.78809
-0.36328
0.07324
0.57520
0.80273
-0.64746
0.65039
0.67285
-0.33203
-0.78906
-0.03320
-0.40527
0.69238
-0.90723
-0.08203
-0.35938
0.92676
-0.61816
-0.49707
0.75977
-0.04980
0.34863
-0.09277
0.20215
0.16992
0.63867
0.48926
0.95898
-0.84766
-0.30762
-0.86523
0.67285
-0.84180
-0.58887
-0.15527
0.12012
0.48438
-0.50391
0.54297
0.87207
-0.53418
-0.34277
-0.43066
-0.28418
0.16211
0.21875
-0.63184
0.36523
-0.62891
-0.57813
-0.70410
-0.01172
-0.27148
-0.90137
0.11230
0.87988
-0.73340
-0.26270
0.29004
-0.99414
0.55176
-0.30469
-0.20996
0.22559
0.71582
0.95020
0.15820
0.63184
-0.45117
0.25879
-0.68359
-0.46875
-0.14160
0.64648
-0.91504
0.46973
-0.84961
0.55273
0.25293
0.82520
-0.28027
0.63867
0.91016
-0.44629
0.30469
-0.32129
0.23242
-0.25488
0.95703
-0.82129
-0.60156
-0.49121
-0.62598
0.23340
-0.23438
-0.15137
-0.06055
0.45020
0.50293
0.09668
0.54492
-0.60938
-0.97266
0.94043
-0.07129
0.82617
-0.60449
-0.97852
0.86621
-0.87891
0.96387
-0.36816
-0.56738
-0.06836
-0.77051
-0.79785
-0.25195
0.72461
0.56445
0.63574
0.91602
0.78613
-0.23242
-0.87891
0.29102
0.17871
-0.96875
-0.89160
-0.35352
-0.97656
-0.53320
0.32617
-0.32520
0.51172
0.40918
-0.36035
-0.05566
0.17676
-0.20508
-0.50098
-0.16699
-0.10352
-0.16699
-0.02344
0.83496
-0.43945
-0.99219
0.29102
-0.94238
0.30664
-0.77344
0.09082
0.17285
0.56445
0.74902
0.38184
-0.45215
-0.56543
-0.38770
0.98047
-0.68652
-0.84473
-0.54199
0.91504
0.24316
-0.40820
-0.45898
0.55176
0.46191
-0.34570
0.04492
-0.24707
0.52734
0.64551
-0.65918
-0.53418
-0.86914
0.78418
0.63574
0.80176
0.02051
0.61328
-0.79199
0.80176
0.91211
-0.11426
-0.54492
0.37598
0.64160
0.32227
0.58008
-0.02051
-0.81250
-0.25781
0.79688
0.21875
0.89063
-0.00293
0.13672
-0.99512
-0.62305
0.02832
-0.78906
0.72461
0.21973
-0.85449
-0.83496
-0.42676
-0.23633
0.31348
-0.87207
0.75000
-0.46094
-0.29297
-0.66602
0.20313
-0.50000
-0.67090
0.35547
-0.10449
-0.95801
-0.09863
0.33887
-0.23926
0.27832
-0.51270
0.17188
0.01563
-0.38965
-0.94531
0.34473
-0.67578
-0.47852
-0.90820
0.93652
0.28613
-0.32520
0.43652
0.53906
-0.42188
-0.24902
-0.18164
-0.32129
0.90527
0.30273
0.09766
0.51855
-0.42969
-0.71191
0.43652
-0.46191
0.72461
-0.67383
0.72266
-0.17676
0.26758
-0.61328
-0.00781
0.02051
-0.75391
0.29395
0.10156
-0.92676
0.91504
-0.94629
0.62207
-0.33398
-0.17285
-0.35059
0.27832
-0.24023
-0.62207
0.96191
0.83203
-0.94922
-0.30273
0.53711
0.19336
0.75586
0.46289
0.48438
0.33691
0.69531
0.30371
0.75684
-0.76855
0.81152
-0.86035
0.20215
0.90527
0.31543
-0.47168
-0.58984
-0.08984
-0.37207
-0.78711
0.89063
0.39258
0.90723
0.60938
-0.44043
-0.44336
-0.75586
-0.16504
0.85840
-0.84570
-0.60059
0.42773
-0.08691
-0.96973
-0.43164
-0.67773
0.13379
0.05859
-0.12109
0.46191
-0.49805
-0.00781
-0.29395
0.38477
0.72266
0.04883
0.27539
-0.57617
-0.56055
-0.33691
0.73340
0.95703
-0.12012
0.39844
-0.87891
-0.96191
0.42676
-0.60156
-0.79199
-0.19531
-0.76758
-0.88770
-0.09863
-0.45703
-0.15332
0.94824
0.10742
-0.29297
-0.04199
0.25586
-0.87402
-0.65918
-0.69824
0.25488
-0.18652
-0.74512
-0.86719
-0.33691
0.58691
-0.30762
0.85547
0.18652
-0.33398
-0.86719
-0.62207
0.03125
-0.51367
0.16602
-0.94336
-0.97559
-0.72852
0.22266
0.09082
0.50684
-0.56836
-0.76563
-0.82715
-0.11621
-0.19727
0.70215
-0.79980
0.09961
0.58887
-0.79883
-0.52539
-0.76465
0.42969
-0.34668
-0.32813
0.75391
0.18555
0.44922
-0.43359
0.43359
-0.79199
-0.65332
0.21973
0.00391
-0.38965
-0.66895
-0.21973
-0.14941
0.34766
0.08691
-0.42773
-0.76855
-0.44141
0.96289
-0.34961
0.12305
0.12402
0.76563
-0.62891
0.35059
0.50781
0.31445
0.24902
-0.09277
-0.12402
0.20801
0.20410
-0.03027
-0.31543
-0.90137
-0.44434
0.20020
-0.66406
0.73145
0.87891
0.83105
0.67188
0.35156
0.39648
0.97656
-0.08008
0.80957
0.70703
-0.26270
-0.71875
-0.94824
-0.14160
-0.99414
-0.10742
-0.03125
0.33887
0.13965
0.01660
0.85840
-0.77539
0.87109
0.12793
-0.65332
0.21094
-0.22656
-0.63770
-0.77246
-0.86230
0.61816
0.48242
-0.79590
-0.18652
-0.00781
-0.22559
-0.63867
-0.06348
0.59570
0.09180
0.14453
-0.93164
-0.24023
-0.39063
-0.44043
0.30664
-0.03418
-0.11328
0.68652
-0.12402
-0.38965
0.14746
-0.67285
-0.46289
0.28027
0.09180
0.22754
-0.55078
-0.46875
0.13965
-0.38770
-0.89063
-0.56836
-0.41113
0.78125
0.21973
-0.18164
0.08105
0.89941
0.54297
-0.66797
0.96875
-0.72754
0.84375
-0.33789
0.00000
0.56445
-0.14355
0.75586
-0.34277
-0.19922
0.88770
0.88770
0.69531
0.96094
0.12988
-0.66406
-0.23438
-0.04004
-0.72754
0.80469
-0.81641
0.78418
-0.03418
0.71387
-0.11914
0.99121
-0.53320
-0.69727
-0.83398
-0.97363
-0.01074
0.45703
0.79883
-0.01563
-0.17090
-0.52539
0.83398
-0.32324
-0.03418
0.65820
-0.87695
-0.18066
0.11914
-0.88379
-0.31152
0.09570
-0.67969
-0.06543
-0.10742
-0.36035
0.26563
0.52148
-0.15820
-0.73340
0.18652
0.77441
0.11230
0.39941
0.19727
-0.66699
0.19238
0.21973
0.27930
0.71973
0.47949
0.82617
0.14160
0.48535
0.40527
0.15039
0.76172
0.00977
-0.41309
0.51270
-0.57031
0.85156
0.21191
0.99316
0.55859
0.99707
0.62207
0.71484
0.46387
0.65039
0.72266
-0.19824
-0.80176
-0.87891
0.55762
0.03418
0.24805
-0.04785
0.47070
0.86328
0.12695
0.65234
0.94824
-0.90918
0.13867
-0.92285
-0.52441
0.98535
-0.36035
-0.41211
-0.29004
-0.10449
0.56348
-0.54492
0.54395
0.25781
-0.78223
-0.71289
0.19531
0.36426
-0.21680
-0.82031
-0.81836
-0.18359
0.33496
-0.70605
0.11523
-0.80859
0.93359
-0.06445
-0.43262
0.64160
0.32715
0.62500
0.35645
0.19238
-0.09668
0.90234
-0.10547
0.45020
0.51660
0.51367
0.69141
-0.91309
-0.87109
-0.63770
-0.45605
0.64844
0.27930
0.62207
0.99805
0.36719
-0.39941
-0.25098
-0.08594
0.12207
0.42480
-0.00293
-0.52344
-0.52441
-0.15234
-0.49512
-0.29102
0.75391
-0.00879
0.30566
0.81543
0.70410
0.60352
-0.34473
0.13672
-0.38867
0.48633
0.98047
-0.06445
0.44141
-0.89258
-0.81250
0.21484
0.95020
-0.34277
-0.67480
-0.94336
0.88574
0.09961
-0.16504
-0.37305
-0.43848
-0.29980
-0.45410
0.25195
-0.16309
0.76758
0.88477
-0.95996
0.43066
-0.19043
-0.92480
0.62891
0.61426
0.31641
-0.86621
0.21875
0.45313
0.69629
0.20605
0.25098
0.73730
0.12988
0.81738
-0.22949
0.97852
-0.14648
-0.57910
0.52930
0.10352
-0.13867
0.87695
0.00781
-0.28418
0.55762
-0.67383
-0.94238
-0.69238
-0.01172
0.44238
-0.49316
0.52637
-0.91504
-0.24023
-0.20020
0.65527
0.81934
0.48926
-0.71680
-0.82227
-0.39941
-0.45020
0.54004
-0.15234
-0.62109
0.19238
-0.97656
0.82031
0.35840
-0.02246
0.87891
-0.45117
-0.11328
-0.05859
-0.66016
-0.71777
-0.57813
0.36426
0.09570
-0.50488
0.78027
0.78027
0.45996
-0.04883
-0.94531
-0.42090
0.37598
0.41699
-0.70117
-0.82324
-0.27832
0.48926
0.82227
-0.67676
-0.16992
-0.89648
0.87793
-0.16895
0.42969
-0.65527
0.61816
0.11523
0.21289
-0.65332
-0.35352
0.58496
0.36426
0.73242
-0.34277
-0.14160
0.66016
0.70508
0.04785
-0.81641
-0.10449
0.93457
0.89258
-0.61035
0.09766
0.23438
-0.57910
0.27148
-0.06445
-0.42285
-0.74316
0.34277
-0.29980
-0.94922
0.84766
-0.17383
0.17188
0.38184
0.47266
-0.51758
-0.99023
0.62695
-0.56250
0.60840
-0.98438
-0.60449
0.15137
-0.45801
0.00293
-0.61816
0.28711
0.85352
-0.18164
-0.82031
0.61230
0.13574
-0.49805
0.92188
-0.89258
-0.52734
-0.11719
0.63184
0.00391
-0.03613
-0.98828
-0.70996
-0.92480
-0.35742
0.19336
-0.87012
0.04102
0.53613
0.20703
-0.41016
-0.11719
-0.51367
-0.99121
-0.92480
-0.07031
-0.92773
0.76855
0.89746
0.39160
-0.16016
-0.06152
-0.80273
-0.08105
0.13574
-0.08496
-0.42480
0.96680
-0.60156
0.71484
0.04297
0.48633
0.26172
-0.32324
0.66113
0.44238
0.60352
0.60938
0.34668
-0.76074
0.05762
0.19238
0.64160
-0.93750
0.18555
-0.68945
-0.23047
0.24707
-0.75391
-0.56934
0.07031
-0.62793
-0.79688
0.14160
0.33105
-0.19336
-0.80371
-0.40430
0.24512
-0.46973
-0.90820
-0.08594
-0.08008
0.37793
0.85742
0.63574
0.81445
0.07324
0.98145
-0.83008
-0.28516
0.99707
0.93945
0.58301
0.08984
0.74512
0.98242
-0.45410
0.29199
-0.56055
0.12695
0.12695
0.90137
0.90039
0.81738
-0.18848
0.51758
-0.68262
-0.71484
-0.92676
0.02246
0.55957
0.54785
-0.07324
-0.52441
0.30469
0.07715
-0.27832
-0.83496
0.67676
-0.43164
-0.15527
0.13379
-0.76855
0.21387
0.64160
-0.26660
-0.24805
0.34375
-0.60547
-0.99902
-0.96191
0.74609
0.53516
0.95313
-0.21484
0.77832
0.18555
-0.76855
-0.09668
0.26172
0.58301
0.11816
-0.91211
0.75195
0.05859
-0.71387
0.91309
-0.38281
-0.95801
0.43359
0.73242
-0.37012
-0.81934
-0.22168
-0.79980
0.61328
-0.50879
0.30762
0.16309
0.68848
-0.63770
-0.25000
-0.47754
-0.61035
0.86523
-0.90137
0.00488
-0.51074
-0.48438
-0.66211
0.68652
0.08496
-0.23633
-0.86426
-0.66992
-0.79102
-0.16504
-0.16504
-0.70996
0.93066
-0.77051
0.18457
0.92676
-0.49219
0.69043
0.71191
-0.21191
0.49121
0.35156
0.19629
0.18750
0.22754
-0.21973
0.66602
0.62402
0.81055
0.35352
-0.53906
0.53223
-0.48047
-0.38574
-0.64844
-0.65625
0.41309
0.38086
-0.04590
0.34961
-0.66406
-0.62012
-0.11426
0.47363
-0.36133
0.53223
0.08691
0.23047
-0.07715
-0.98340
-0.51074
-0.96094
0.53027
-0.05664
0.89746
-0.51367
-0.20410
-0.71387
-0.97656
-0.85938
0.18066
0.99902
-0.08203
0.58496
0.56152
0.34863
0.80762
-0.49512
-0.49707
-0.08691
0.32422
-0.66504
-0.10547
-0.91504
-0.78613
0.28711
-0.09277
0.30664
-0.24609
-0.59277
-0.49219
0.74902
-0.64453
0.94922
0.17090
-0.46289
-0.56250
0.26563
-0.48926
-0.78418
0.51465
0.74121
0.54980
0.29980
0.42578
-0.85449
0.89746
-0.18555
0.67383
-0.67676
0.66504
-0.00488
-0.99902
0.28906
0.90625
0.57227
0.20410
0.33301
0.54102
-0.87207
-0.36621
-0.92383
0.12402
-0.88086
0.98828
-0.22070
-0.60254
0.53418
-0.86523
-0.52637
-0.65332
-0.14648
-0.58496
0.34180
0.55273
0.37500
-0.16895
-0.66016
0.41895
0.19531
-0.72363
-0.22949
-0.98242
0.59277
-0.65430
-0.35156
0.50195
0.04883
0.20215
-0.19922
-0.60059
0.79004
-0.64258
-0.68262
0.29102
0.13965
-0.14453
-0.40137
-0.48535
-0.51563
0.22168
0.14160
-0.91309
-0.14551
-0.69922
0.44727
-0.24512
-0.17676
-0.92676
0.82813
-0.00098
-0.04297
0.81934
-0.80957
-0.76855
0.12207
-0.56348
0.70313
-0.23926
0.47852
0.10840
-0.68848
0.60742
0.39258
0.03320
0.32422
-0.59668
-0.97461
0.68164
0.52637
-0.40430
0.24902
-0.94727
-0.94434
-0.28711
-0.71973
0.19629
-0.26367
-0.97070
-0.11914
-0.86719
-0.44043
0.03223
-0.27832
-0.77539
0.60254
0.20898
-0.98438
0.19531
-0.31738
-0.80273
-0.99121
-0.30664
0.78320
0.92773
-0.23633
-0.13477
-0.92383
-0.49219
-0.32520
-0.04688
0.48047
-0.92383
-0.08008
0.93945
-0.39258
-0.03906
0.88184
-0.78027
0.33984
0.54102
0.77246
0.37793
0.54297
-0.30371
0.86816
0.44922
0.43652
-0.75977
0.11133
-0.51172
-0.20703
-0.56641
0.77246
-0.95703
-0.69727
0.89844
0.06738
0.34863
-0.26074
0.53906
-0.16016
-0.20605
-0.20020
0.10352
0.92871
-0.02734
0.18457
0.78418
0.08008
0.09863
-0.10254
-0.61035
-0.40137
-0.74414
0.89551
0.56055
0.08105
-0.91699
-0.58008
0.09668
0.33301
0.88184
-0.48145
-0.01367
0.60059
0.14551
0.66309
-0.50293
0.26367
-0.88379
0.96582
-0.65820
-0.25293
-0.07715
-0.30078
-0.45313
0.81055
-0.75488
0.97168
0.41113
0.64063
-0.85254
0.86328
-0.16211
-0.27441
-0.30273
-0.72949
0.88770
-0.63379
-0.05762
-0.38867
0.57520
-0.08691
-0.40527
-0.91309
0.11133
0.82910
0.88574
-0.25879
-0.59277
-0.38281
0.30957
-0.89355
-0.04004
-0.90723
0.85254
0.58594
-0.54980
-0.82813
-0.56543
0.40918
0.69629
-0.69629
-0.56934
0.45801
0.54395
0.35840
-0.65918
-0.64453
-0.14160
-0.14355
0.42773
-0.39844
-0.59277
0.11719
0.10742
0.06836
0.44238
-0.35059
-0.80762
-0.81738
-0.49414
0.47852
-0.37891
0.73633
0.75293
0.61816
0.70898
-0.16992
0.85352
-0.64453
-0.44629
-0.85156
0.01465
-0.30957
-0.78027
-0.07715
0.43555
-0.95215
0.92676
0.34766
-0.94629
0.26953
0.38184
0.75781
-0.83105
0.72949
0.33594
-0.79492
0.00098
-0.23047
-0.16602
-0.39648
0.94141
-0.05566
0.93555
-0.65430
0.32031
-0.69336
0.50781
-0.16309
-0.87500
0.90430
0.89160
0.95898
-0.36328
-0.19727
0.77148
-0.59277
-0.23535
0.85938
0.86133
0.72754
-0.57813
0.81543
0.52441
0.51270
0.79004
-0.71680
-0.39648
-0.46777
-0.30078
-0.03223
0.34766
-0.32324
0.76465
0.70410
0.96094
-0.92871
-0.94043
0.75195
0.06543
-0.31348
0.41992
-0.50879
-0.11621
0.14453
0.46582
-0.50781
-0.79688
-0.45703
0.18652
-0.87695
0.48926
-0.06641
-0.90918
0.46484
0.50000
-0.85547
0.86328
0.40137
-0.18359
0.59375
-0.27148
-0.59668
-0.00293
-0.30176
-0.59180
0.53320
-0.20215
0.77539
-0.03125
-0.67578
-0.84180
0.00391
0.44434
-0.30469
-0.83496
-0.01953
-0.94824
0.60547
0.77734
0.40527
0.20703
0.15820
0.37695
-0.38770
0.81641
0.19629
0.40918
0.38672
0.78906
-0.18750
0.43457
0.68945
0.99902
0.43262
-0.10156
-0.74219
0.91504
-0.80957
0.73828
-0.66699
-0.60059
-0.83594
0.72559
-0.00977
0.19043
0.65332
-0.15039
-0.21289
0.57129
-0.04004
-0.97852
0.02051
-0.38965
0.17676
0.93066
0.41406
-0.60254
0.30664
0.83301
-0.02246
0.26660
-0.47852
-0.04980
-0.60938
-0.63379
0.62109
0.75293
-0.64160
-0.27539
0.96777
-0.79199
-0.03027
-0.08887
-0.21289
-0.52051
-0.71094
0.23438
0.83105
-0.46777
0.33594
-0.67969
0.25684
-0.65625
0.64648
0.74121
-0.75977
0.91211
-0.37305
-0.46777
0.12598
0.24023
-0.95898
0.20215
0.11914
0.68652
0.34766
0.37207
-0.78906
0.50586
0.37891
0.18262
-0.41602
0.71289
-0.74219
0.83398
0.07617
0.93945
-0.50684
-0.40039
0.57129
-0.35938
-0.11426
-0.70117
-0.11719
-0.80371
0.16113
0.28418
0.02246
0.48828
-0.85840
0.06641
0.49219
0.13770
-0.40527
0.19531
0.63672
-0.71289
-0.16797
0.25293
0.55664
0.56250
-0.04492
0.13281
-0.48242
0.85938
-0.69434
-0.35938
0.72656
-0.71680
0.60059
-0.21484
-0.08594
0.67578
0.98828
-0.54297
-0.52930
0.15820
0.88672
-0.17188
0.65137
-0.45703
-0.06836
0.49414
-0.83398
-0.51660
-0.77441
0.86230
0.63281
-0.47461
-0.39355
-0.55371
-0.00391
0.14941
-0.22266
-0.71191
-0.34180
-0.04688
0.40234
-0.40820
0.23633
-0.13574
-0.77539
-0.68555
-0.79785
-0.87793
-0.63086
0.99707
0.99414
0.82520
0.47852
0.95410
0.15137
0.31738
-0.08301
-0.85254
0.40332
0.32422
-0.71875
0.31934
0.72363
-0.01563
-0.71289
0.23145
-0.39160
-0.25586
0.09961
0.05273
-0.89941
0.83301
0.44043
0.10645
-0.17480
-0.75488
0.06152
0.12500
-0.49219
0.06445
-0.72168
0.06738
0.00391
0.02539
0.54102
0.82910
0.86523
-0.77637
0.53320
-0.72363
-0.42383
-0.74609
-0.87598
0.72070
0.21191
-0.96094
-0.29004
-0.79297
0.03516
0.97168
-0.24609
0.53809
-0.05469
-0.45020
-0.21484
-0.17676
0.13281
0.51172
0.14160
0.97949
-0.21777
-0.91602
0.80957
0.92871
-0.77246
0.50586
0.98242
-0.62988
0.71875
-0.75977
0.80957
0.29492
-0.18652
-0.16992
-0.33496
-0.29590
0.13281
0.72070
-0.50391
0.51660
-0.30078
-0.71484
0.83105
-0.94434
0.93750
-0.67090
-0.67188
0.90039
-0.09180
-0.88672
0.35742
-0.61328
-0.20313
-0.57910
-0.59863
0.90039
0.43359
-0.30664
0.02051
-0.94531
-0.49707
-0.13574
0.40234
0.48730
-0.77344
0.10645
-0.63184
0.80371
-0.71875
0.94434
-0.79785
-0.79980
-0.04785
0.75977
0.64453
-0.41211
-0.66309
0.93066
-0.51563
-0.91406
0.31445
-0.27637
0.31445
0.56738
-0.57227
-0.44629
0.44238
-0.16504
0.15820
0.81543
0.95215
0.01758
0.44336
0.32031
0.42578
0.65820
0.20117
-0.39551
0.59277
-0.33301
0.11426
0.13379
0.64941
0.61328
-0.23242
0.46191
-0.11914
-0.88965
-0.42871
-0.35840
-0.91895
-0.55078
-0.21582
-0.89648
0.88086
0.46289
-0.97363
-0.54395
0.04883
-0.36133
0.16602
0.23926
0.57324
0.23438
0.94043
0.05566
0.33301
-0.95215
-0.11133
-0.69238
0.18359
0.07617
-0.65234
-0.98242
-0.04785
-0.85059
-0.47852
-0.13477
-0.93750
-0.64941
-0.91895
-0.29297
0.24121
0.04688
-0.82422
0.97070
0.68652
0.05664
-0.08594
0.88086
-0.31641
-0.77930
0.78027
0.12402
0.43945
-0.97070
-0.21777
0.49219
0.73438
-0.08984
-0.65527
-0.67383
-0.66699
0.59277
-0.08887
-0.75000
0.75781
-0.71289
-0.79980
0.56445
0.84570
0.05176
-0.66992
0.06152
0.17285
-0.00586
0.74902
0.73535
-0.74121
-0.20605
0.46973
-0.72949
0.88379
0.08496
-0.44434
0.32227
0.19727
-0.05371
-0.78809
-0.55664
0.86133
0.44238
0.24121
-0.72949
0.16016
0.52051
-0.19531
0.04102
-0.79688
-0.86914
-0.63574
-0.41797
-0.48633
-0.79980
0.86914
0.32813
0.99121
-0.65625
-0.01465
0.26758
0.54688
-0.06934
0.42090
0.86328
0.83008
0.86328
0.18066
0.75293
0.11426
-0.79785
0.29297
0.75977
-0.13867
-0.75000
0.30273
0.91602
0.71484
0.84668
-0.48145
0.08691
-0.33691
-0.39844
-0.14258
-0.25781
-0.75586
-0.32422
-0.75098
0.06543
0.71777
0.86328
-0.42871
0.38379
-0.34277
-0.30469
-0.06250
-0.43066
-0.00977
0.02441
0.00391
-0.87207
0.22168
0.76563
0.51953
-0.37012
-0.67871
-0.94043
0.56934
-0.52051
-0.16797
0.19434
-0.02051
0.00879
-0.30273
-0.48730
0.39648
0.82031
-0.65234
0.22070
-0.55078
0.64160
0.78125
-0.81055
-0.75293
-1.00000
-0.72852
0.92578
-0.08984
-0.99512
-0.02246
-0.74707
0.85938
-0.97461
-0.84570
-0.12891
0.13672
0.32422
-0.44141
0.97266
0.25195
-0.84570
-0.09277
0.05176
0.00684
0.38184
-0.90137
-0.96387
-0.02734
-0.98535
0.08789
0.14746
0.57324
0.61328
-0.66504
-0.45313
-0.05957
-0.65820
-0.02344
-0.10352
0.57324
-0.17578
0.71484
0.89551
-0.36621
-0.21680
0.56055
0.18750
-0.25977
-0.11035
0.74512
0.66113
0.99805
0.16406
0.02344
0.68066
-0.33398
0.96387
0.76074
-0.90430
-0.95215
0.93848
0.01270
-0.72559
0.51465
-0.66895
-0.62695
-0.25781
0.99512
0.24023
-0.80859
-0.36035
0.24219
-0.26367
0.51367
-0.14258
-0.96387
-0.69922
0.43359
-0.36523
0.28418
-0.97363
0.83203
0.49902
-0.62305
0.83105
-0.06250
-0.60156
-0.47754
0.71680
0.12402
0.29883
0.04297
-0.17480
0.70801
-0.81055
-0.28027
0.67383
-0.13184
-0.86328
-0.56641
-0.37109
0.06738
0.47949
-0.13867
0.50293
0.36133
-0.82129
-0.77051
-0.58887
-0.85156
0.64258
-0.03516
-0.25391
-0.82617
-0.32813
0.22168
-0.48047
-0.63574
-0.20117
0.83008
-0.84473
0.89258
-0.05371
0.76270
0.23926
-0.62598
0.51172
-0.76855
-0.42578
0.24414
0.50195
0.49414
-0.53418
0.90039
-0.37012
-0.24023
-0.49316
-0.95410
0.23242
0.47949
-0.75488
-0.61230
0.07813
0.81836
-0.12891
0.62500
-0.06348
0.29004
0.37012
-0.45313
-0.03125
-0.58105
0.59082
-0.35645
0.89551
-0.60254
-0.35742
-0.89160
0.81641
-0.81641
-0.01953
-0.22949
0.36816
0.84473
-0.70117
0.71094
0.25879
-0.24512
-0.99512
-0.03516
-0.98145
0.54688
0.20410
-0.39355
0.87109
-0.49512
0.15918
-0.62305
0.24121
0.36230
-0.97168
-0.43652
0.17383
0.80273
-0.46875
-0.27441
0.85254
0.75879
-0.96289
0.00684
0.95508
0.89258
0.71777
-0.78711
0.06836
-0.12207
0.01074
0.86426
-0.79492
0.42285
0.46191
-0.18848
0.04785
0.26367
-0.31152
-0.87598
-0.24121
0.43457
0.58984
0.12207
0.94531
-0.75195
-0.21973
0.59277
-0.04004
0.89258
-0.72461
0.11426
-0.09570
-0.13379
-0.36035
0.25684
0.84375
0.08691
0.90430
-0.47656
0.92383
-0.90820
-0.48438
-0.87500
-0.02637
0.51855
0.48047
-0.51758
-0.98633
0.28613
-0.50586
0.78027
-0.19434
0.13867
-0.46191
0.47754
0.81055
0.09766
-0.28027
0.73633
0.09473
-0.30469
-0.65430
0.38379
0.19531
-0.76855
-0.40137
0.51660
-0.51953
0.41797
0.44531
0.98730
0.25098
0.12598
0.39160
0.41797
0.51465
-0.87305
-0.72070
0.20508
0.04102
-0.12988
0.02051
0.45996
-0.97949
0.63281
-0.72363
0.93457
0.33594
-0.49707
-0.28906
0.66113
-0.90430
-0.08691
0.49707
-0.15723
-0.83105
-0.79102
0.03516
0.11426
0.37695
0.88965
-0.50781
0.73633
0.28809
0.20801
-0.77148
0.95801
-0.68848
0.42383
0.49902
0.02344
-0.45801
0.59473
0.56738
-0.95313
-0.18652
0.39160
-0.93555
-0.79199
0.62012
0.99609
-0.42383
-0.73535
0.76367
0.92188
-0.19629
-0.20898
-0.03320
0.98535
-0.37793
-0.89160
-0.74707
0.77344
0.29102
0.51660
-0.12109
-0.22559
0.39844
-0.59668
-0.59082
-0.56250
0.29785
0.89160
-0.41699
-0.98633
0.67480
0.77246
-0.82617
0.03711
-0.70313
-0.62012
0.62695
0.50586
0.89160
-0.21777
-0.55469
-0.02246
0.94434
-0.98047
-0.00195
0.33594
0.65234
-0.25098
-0.15039
-0.50195
0.69336
0.28613
0.71191
-0.70117
0.32422
0.44922
0.98828
-0.60352
0.00488
-0.07617
-0.74219
-0.44531
-0.33594
0.64258
-0.10059
-0.91992
-0.19238
-0.61719
-0.96875
-0.77148
0.57227
0.93066
0.09766
0.97266
0.05273
-0.90234
0.50195
0.22754
0.13672
-0.66211
-0.64941
0.09375
0.23926
-0.85156
-0.48145
-0.47559
-0.89355
-0.02051
-0.58398
0.09570
-0.69824
0.21875
-0.47656
-0.95313
-0.04688
0.14063
0.58594
0.35352
0.77832
0.25000
0.33984
0.31543
-0.63379
-0.06348
-0.04199
-0.54883
0.75977
-0.25098
0.30664
0.33105
-0.14941
-0.72754
0.60254
-0.34473
-0.80371
0.60156
0.40332
0.00684
-0.78027
-0.00293
0.44629
-0.06836
-0.14844
0.17480
0.97070
-0.40527
-0.01367
0.23730
0.87012
0.28320
0.53125
0.59277
-0.62793
0.21289
0.89258
0.25000
-0.54980
0.66895
-0.82422
0.36133
0.34082
0.59180
-0.53418
0.86035
-0.90039
0.68359
0.42676
-0.37402
0.71777
-0.02441
-0.44238
-0.85742
-0.46387
-0.50000
0.18555
0.52148
-0.04199
0.56152
-0.68457
-0.32617
-0.63281
-0.58789
0.06152
0.38086
-0.37500
-0.97363
-0.54004
-0.65918
-0.41211
-0.19043
-0.50586
0.00684
-0.73047
0.86426
-0.93750
0.80273
-0.09375
0.19434
0.78613
-0.44824
-0.22754
-0.56641
-0.13281
-0.62305
-0.15332
-0.88770
-0.74316
-0.01563
-0.57813
0.05371
-0.65723
0.35547
-0.95215
0.44336
0.85449
-0.50293
-0.66211
-0.84473
0.34570
-0.60840
-0.07617
0.07324
-0.64160
-0.90430
0.84766
-0.41699
0.53027
0.20215
0.46387
-0.66504
-0.99121
-0.29980
-0.40820
-0.86426
-0.37500
-0.13672
0.23828
-0.26953
0.27344
0.18457
0.26270
0.06348
-0.00684
-0.82129
0.58691
0.32324
-0.14844
0.02637
0.47559
-0.15918
-0.75684
0.87793
0.11816
0.83105
-0.12695
-0.07910
-0.53613
0.53418
-0.17480
0.08203
-0.72168
-0.32129
0.29199
0.30566
0.49219
-0.90527
0.40332
0.68359
0.27734
-0.48340
-0.41211
-0.40137
0.98730
0.25098
-0.80273
0.36328
-0.19434
0.40430
0.75000
0.22363
-0.63574
-0.96191
-0.72363
0.83203
0.32422
0.52734
0.36426
-0.96875
-0.09668
-0.49805
-0.68359
0.66602
-0.80664
0.79004
-0.49023
-0.45898
-0.43457
0.73340
0.10840
-0.01758
-0.06055
-0.71973
-0.35547
-0.61133
-0.06250
-0.91211
0.86621
-0.08301
0.43652
0.03809
-0.37012
0.58301
-0.21680
0.34766
-0.76172
0.73340
0.79492
-0.91797
0.69434
0.69531
0.68848
0.82129
0.09082
-0.33789
-0.66309
-0.58008
-0.42578
0.05469
-0.41699
-0.91602
-0.01172
0.38965
-0.58008
0.52734
0.53125
0.07031
-0.23926
-0.23047
0.75488
0.75195
0.43066
-0.47168
0.17773
-0.65820
-0.87012
0.20215
0.89551
-0.14258
-0.49512
0.35938
0.01367
0.55664
-0.87891
0.03516
-0.08008
0.55762
0.80859
0.87988
-0.63867
-0.54297
0.60840
-0.79004
-0.36816
-0.31348
-0.98047
0.93262
0.15137
0.02051
-0.16699
0.83301
-0.32031
0.89551
-0.11328
-0.42383
0.02441
-0.23535
0.57227
-0.29102
0.23828
0.79297
0.24512
0.47461
0.51758
-0.24609
-0.04590
0.17383
0.56445
-0.71680
-0.72168
0.43164
-0.23047
-0.55859
-0.91016
-0.83887
0.23047
0.67480
-0.59375
0.77246
0.68262
0.28809
-0.69531
-0.16602
-0.17188
-0.85156
-0.15039
0.98047
-0.61914
-0.21777
0.04004
0.46289
0.48340
0.03809
0.54492
0.90234
0.66113
0.48340
0.60449
-0.21094
-0.64746
-0.62109
-0.60449
-0.41602
-0.71875
-0.56250
0.59277
-0.98633
0.81250
-0.30078
0.56934
0.51270
0.32031
0.60449
-0.01367
-0.90137
0.21094
-0.16895
-0.21289
-0.42969
0.19727
-0.71777
-0.84082
-0.50195
0.42871
-0.59375
0.71484
-0.00879
-0.22168
-0.40723
0.23340
-0.45703
-0.77441
0.88867
0.72363
-0.72656
0.15625
0.17773
-0.91797
-0.50098
-0.96191
0.53320
0.80762
0.23047
-0.00098
-0.14063
-0.95313
0.01465
0.19824
-0.99023
0.47754
-0.33105
-0.92871
-0.34277
0.40137
-0.06250
0.99707
-0.76758
0.19141
0.39746
-0.90137
0.07910
0.42480
0.83105
-0.16406
0.69434
0.85352
-0.16113
0.42578
0.27637
-0.44922
-0.71680
0.30371
-0.92383
-0.90723
0.58789
-0.53613
-0.23145
-0.83789
-0.20508
-0.40430
-0.48730
0.22949
0.49707
0.92676
0.05566
-0.29004
0.44238
-0.03613
0.50879
0.40527
-0.30078
-0.78320
-0.72266
0.58008
0.20215
-0.77539
0.48730
-0.93359
-0.23828
0.66895
-0.65234
-0.31152
-0.09277
0.49707
0.91992
0.53320
0.27734
-0.26660
-0.97266
0.58594
-0.51465
-0.77246
0.05566
0.68262
-0.62207
0.04688
0.76758
-0.75098
-0.27051
0.80566
-0.81641
0.92969
0.92090
-0.97754
-0.37207
0.24707
-0.00879
-0.52734
0.90234
-0.45215
-0.40234
0.08203
-0.16504
0.32227
0.65918
0.20117
-0.83984
0.54785
0.27832
0.35059
0.83301
-0.02539
-0.66602
-0.80957
-0.44727
0.23438
0.40430
-0.38379
-0.76074
-0.84863
0.83789
0.03418
0.74316
0.49414
-0.76758
0.60742
0.75684
-0.08691
0.37109
0.23633
-0.58301
-0.67871
-0.36035
0.16602
-0.28613
0.57227
-0.23438
-0.35059
-0.20215
0.30762
0.27148
0.65723
-0.59082
0.01465
0.29102
-0.54980
0.52637
-0.68945
-0.63281
-0.69238
0.25977
0.23340
-0.72266
0.07227
-0.14063
-0.39063
-0.92188
-0.09277
-0.27344
-0.14160
-0.85449
-0.72754
0.66016
0.64258
0.51270
-0.50391
0.60156
-0.96582
-0.41895
0.64941
-0.71680
-0.81836
-0.92285
-0.14160
-0.12598
0.64648
-0.02734
-0.09668
0.66992
0.01270
-0.07031
0.60254
-0.24609
0.94727
0.36230
-0.06641
0.34668
-0.20410
0.27637
0.73047
-0.82715
-0.28125
-0.31738
-0.35059
-0.48926
-0.68457
-0.03320
0.69629
0.23828
-0.64160
0.65723
0.33984
-0.93262
-0.61230
0.55566
-1.00000
0.87207
0.14941
0.19141
0.19922
0.77637
0.15137
-0.22754
-0.97656
0.56055
0.29199
0.46777
0.41699
0.62305
0.95410
0.10156
0.51270
-0.73730
-0.05762
-0.82813
-0.94824
-0.17090
0.76172
-0.85352
-0.18750
-0.76758
0.15137
-0.21484
0.85840
-0.84961
-0.28418
0.79102
-0.40039
0.20801
0.83008
0.57129
0.50195
0.54688
-0.40625
-0.50879
-0.09473
-0.10742
-0.26074
-0.97070
-0.26855
-0.20117
-0.81836
-0.14160
0.32910
-0.91406
0.12012
-0.20313
-0.44043
-0.35742
0.57422
0.83691
0.45117
-0.73535
-0.11914
0.07031
0.13965
-0.54785
-0.30762
-0.31543
0.67773
0.13477
-0.00977
0.24902
0.03906
0.31543
-0.55469
0.23242
-0.42285
0.03809
-0.45801
-0.87500
-0.03418
-0.80566
0.56348
-0.74609
0.83496
0.06934
0.95605
-0.61621
0.64160
0.66895
0.63672
-0.38281
0.57227
0.40332
-0.53711
-0.00195
-0.81934
0.88477
0.12695
-0.14453
-0.12988
-0.64746
0.74805
0.39941
0.99609
-0.90234
-0.53223
-0.50293
0.72266
0.30176
0.69727
0.00684
-0.61719
-0.26563
-0.37695
-0.27930
-0.45898
-0.71973
-0.25391
0.63867
-0.14648
0.67285
-0.81250
0.84570
0.32324
-0.16113
0.04980
-0.61035
-0.06152
0.54492
-0.41895
0.70313
-0.31641
-0.26758
0.54102
0.63574
0.66699
0.70117
0.59473
-0.91016
0.96777
-0.91504
0.94824
-0.94238
0.40527
-0.04980
-0.72461
-0.79297
0.62207
-0.32129
-0.88281
-0.95117
0.78418
0.64258
-0.49316
0.90137
0.85742
0.02148
-0.70020
-0.99414
0.99121
-0.08496
-0.72266
-0.81836
-0.69043
-0.75781
-0.49219
0.76465
-0.01758
0.66211
-0.66211
-0.85645
0.66113
-0.76758
0.22461
0.23438
0.45703
-0.73535
-0.48340
0.10449
-0.41895
-0.88867
0.65137
0.51074
-0.28223
-0.61719
-0.70703
0.20410
0.76855
0.83984
0.27930
-0.65820
0.57031
-0.58203
-0.30957
0.94727
-0.57129
-0.84473
0.01563
-0.66797
0.73730
-0.51953
-0.85156
-0.66504
0.48145
0.57422
-0.04492
0.20508
0.04199
-0.98828
-0.20898
-0.88965
0.01953
0.12402
-0.54492
-0.48828
0.11426
0.89355
0.82422
-0.59570
-0.31152
0.93555
-0.11426
-0.43945
0.77930
0.56641
-0.62207
0.72266
-0.76367
-0.84668
0.97461
0.24609
0.66406
-0.08008
0.79688
0.92188
-0.86621
-0.94336
0.27832
-0.28809
0.86426
0.58398
0.92090
0.06152
0.70020
-0.98242
0.14551
-0.91113
-0.44824
-0.16211
-0.08008
-0.41113
0.99023
-0.56543
-0.85352
0.98340
-0.64941
-0.53516
-0.99414
0.54492
-0.83887
-0.28418
0.78906
0.46387
-0.52734
-0.61133
0.79102
0.06055
0.56152
-0.84570
0.35938
-0.71484
0.48047
-0.75586
0.62305
-0.51855
0.93652
-0.28516
-0.13379
0.24707
0.57520
-0.58398
0.70898
0.02148
0.97461
0.62695
0.02930
-0.67676
0.71777
-0.46484
-0.38184
0.93066
0.02246
-0.94238
0.77539
-0.48633
-0.27734
-0.18848
0.00293
-0.13574
0.14746
0.84766
0.41895
-0.12305
-0.26660
-0.86133
-0.95508
0.81250
-0.32324
-0.20508
0.05273
0.28711
0.04883
-0.34180
-0.91895
0.82227
-0.59570
-0.18164
-0.82422
0.79785
0.41309
0.89648
-0.00781
-0.53711
0.43359
0.54883
0.33789
0.09375
-0.47461
-0.01953
0.23535
-0.81055
-0.93066
-0.25684
0.73633
-0.23633
0.23438
-0.98242
0.42676
-0.41211
-0.07031
0.61328
