001100001110
111111000101
111111001101
111111101110
111101110001
000011101000
000001010010
000011110110
111001001111
111000101100
001111110100
000110111111
111101100110
000011010100
000000001100
001000001110
000100001101
000000111100
001101001100
111010010000
111001110111
001000000001
000000111101
111000101010
111000001010
000100000001
111100110111
001001011001
111011011110
001011001010
000000110000
111101001010
110111101101
001010111110
110010000100
000010011100
111110001111
000111100100
111101011101
111011011010
000011100111
111000011011
111111010001
111000110110
000011110011
111100010100
111000100110
111111100101
111011101110
111111101110
000101100000
111010111011
110110111101
000001100011
000011110010
111001011011
000010011000
111010010100
111100101011
111111100101
111111101010
111110011100
111011010001
111010111010
001110101001
000011011011
111111001110
111110101111
001110010100
000100011100
000100000011
110111110000
110110100100
110111100011
111010111110
111111110000
001000100111
111010010110
111101100010
001100010000
111101010111
111100010100
111100001110
001100011110
000110000011
000101101000
000111101000
000101011101
000001101101
000001011100
000100111100
111100000111
000010011011
111110110110
111010000100
000101011110
111000100010
110100101110
111000010000
000001100101
000010011111
111111111110
111011101010
111101000011
000001100010
000101010000
000000000010
101110000100
000001100101
000011011000
000000011011
000110111111
000101001010
111111010111
000100011000
110111100111
000000100011
000011010101
000101111110
111111110010
001011011011
110111010101
111010111000
111001001010
001000111001
000001100111
000010100100
111001011110
000001000100
111101000110
001011100000
111011001001
001001100000
000101101001
000001011111
111110110001
111111011010
000101101110
111100100001
111001000001
000000101000
000000000001
000000101001
110101011111
110110000010
001000000101
111001000001
111010011000
000101010110
000001101010
000010001100
111010111001
111001110000
001000111001
110100101110
111010110010
111110101100
000011101000
111011011110
000100000001
000010000011
000010100111
001111101010
000001001011
000111101000
111100101101
000001010110
000100011000
111010111101
000000101001
111001001101
111100000111
000010011101
111000010101
000001000111
111110010011
111011100011
000100111001
000010111001
000001111111
111111010001
000011010001
110111101010
000110010111
110111010100
110101101100
000100000100
111011011101
111110101100
000001111001
111110110010
111100111001
000100001001
000100111100
111011001011
111010011001
111010111000
000110010010
001000001111
001000100100
111111000000
111010010001
000001110011
111100110010
000001011110
000011110001
000011001010
000010100001
000000110100
111011011101
111000010001
000100000110
111100011011
000011001110
111101101001
111100100000
001000010100
000000011011
000100111101
111010101100
111010000110
111101001010
000110101011
000111100011
000011100010
111101001001
000100101110
000110000101
111101110011
000001111010
000100011010
110111101100
000101011011
000100011001
111111100001
000111100110
111111001111
000000000111
000001111101
111111011010
111011000100
000000100001
111111000111
111010100110
110101001000
111101110101
001001010110
000011001011
111111111111
111100100000
000100001011
111111111011
000010101101
111011000111
111101010110
000000110010
000111001110
000001101001
111111101001
000011001110
111100010111
000110001001
001011011101
000110110011
001001110000
000111000001
111101001111
000100110111
000011001100
111111111010
111000010101
111010100111
000011100000
111111000011
111101010101
110111100111
111001010000
111000001011
000001111001
000101000010
000000000010
111100111110
111111000001
111000011011
111110011100
000001001110
000000110011
111111011110
000000011100
000001001010
000100011110
000101000100
111100101100
111011010011
111111011000
000001010100
111100010101
000101001001
111100100111
000101011011
000010001110
001001100111
110101110111
000111010010
111110101010
000101000000
110111000011
000000000111
111011011111
111111011101
001000101010
111110100000
111110000111
000101010111
111110010001
000001000110
111101000100
111101100011
110100010010
111101100111
001000110001
000011010010
110011100101
001001101000
000010111011
111111001000
111010101000
111011011001
000100110111
000001110111
111110100000
000000110000
000001000011
111111001011
001000100010
000101110111
000010000111
000011100110
000010000010
111110000111
111000111011
111011011001
000001111110
111110110000
000001001001
111101111010
000011101000
000001001001
000101011110
111111110111
111011011001
000000000100
000011001010
111000110011
111110000111
000010101111
000101001101
000011100101
000000000101
000100100010
111011000001
000000011110
111110011101
111111101100
111001110101
111010101100
111011000010
110110100010
001010111101
111100110101
000000000011
000111101000
000011010100
000111010000
111011011111
111010011010
000111100100
000000100001
111111000011
111010000010
111000111110
111001110110
111101100100
110101100111
111110111001
110111001101
001001010100
000100011111
111011101011
000001001000
110111001000
001110010011
000001001110
110111110001
000111011000
000100100011
111111101111
111101111101
000001001010
000110000110
111001010010
000010001111
000000011100
111100011111
111111010001
110111111001
000001110000
000100111110
111111100001
111110110011
000110001100
000001111001
111010110000
001100010001
111100101011
111101110111
111000011100
111111001010
000001011001
110111011011
111110100110
000010000110
111111111000
111011000000
001001100011
000000111100
111000001111
111101000110
111000110011
111110110110
000101010001
111100101101
000111110111
110011101100
000000101010
111111100001
111011111000
111111001100
001000100010
111101110001
000111101100
000011000111
111000110111
111100011011
111011101000
111010100010
001000110111
000011010001
000010011001
111010101001
110010011010
001001001000
111111100110
000100111101
111001100111
111100011110
000100100010
000000001111
110100101000
110100100101
111010100011
000001001111
000101000001
111010011000
111110100001
000101100111
000110110101
111110111110
111011001100
111111111111
111100001000
000100100101
111101110111
111111010001
001001111110
111101110111
111100011011
111110011011
000011111101
111110010100
111111001011
000110011110
110100100011
111011101000
000000010000
110101111101
000110101100
111111101001
000000001010
001001110010
000011011101
111100000011
000110001111
000101010000
000000010110
000110010101
000010001101
111110001101
111111101110
000100101001
111010101100
111101000010
000110100010
000011011111
000100000000
000010111100
000100011101
111001011101
111101000011
111100010000
111010101001
110001000000
111110100010
000101000010
111101101001
110110100111
111111100101
111011101110
111111011011
000000001110
000110111101
001001100001
111100010111
110111110111
111010110010
000001010010
000100001101
111110001111
111010111000
000001001010
111101101011
110111101011
001001010100
000001101011
111111101110
000000100100
000000100011
000101100110
111111111011
000111111000
111110001100
111010010000
000001011110
111110100000
111111011011
000001110010
000000001111
111101001110
111110001010
000101010111
000010010011
001000001100
000101001101
001100000000
000011100101
111110111110
111100110110
111101100111
000000100010
111010001101
111001111000
001000000000
111110100101
111111101000
111001101011
111100111011
000010001001
111111000000
000011001111
000010111011
111100110100
111110111001
000010000010
000001000111
000100000000
000011000101
001011100110
111100111111
111101001010
111110000010
000100010000
000010010110
000101000110
000010110111
111111111101
111001000011
000111100001
000000000001
000000111111
111011111100
000111010010
111111100001
110110110011
111111111010
111111011010
111100111111
111111010011
000011011010
111100101011
110111110101
110001000010
000100101001
000110010000
000001001111
111001010001
000000100111
111110011010
000110011100
111010010110
111100011100
111010010001
111101100110
001000010111
000100100110
010010000100
000001011100
000111101111
111110110100
111011010001
111111110111
111100110110
000000010010
111100001010
111010000001
000110011011
000000101001
000101011100
000011001101
110100010111
000101111101
111110101111
111111011110
000010011111
000010100110
110101111011
000010011101
000011000000
111110101101
110111001110
000101111010
000100001000
000110111101
001000011010
000100000000
000000101111
110111101001
000001001010
110111101101
000001110001
000101100010
111001001001
000000111000
111111101001
000001001100
000010101000
110010101011
001010101111
111000101010
000000000010
000000111010
000111011100
111110111110
111011110101
000101111100
111110110100
001001011101
000000110011
000111011101
111111100100
110111010000
001010010010
000110010111
000100010001
000000000100
110101001000
000011111010
000101011000
111101000010
111111110010
111000101010
111111100101
000001011000
001101111010
000100110000
111001001010
000110111100
000000011100
001001100000
111010101110
111101010000
001001101000
000011101011
000100100110
000100101100
000101001111
111100101100
000100110111
000010010101
111110101010
111111110011
000000001100
000000100000
000000001111
110111010111
000011000000
111111010010
000101101011
000011111011
111110110011
110100111111
111111010000
111010011000
111011101011
111100111100
110111111111
000100111010
000101100110
110101100001
111011100111
111001011111
000010101011
111111110000
111111100011
000010101000
000111101100
111111100001
111110110010
000110111110
000011011101
111100100011
001100010111
111110101111
111110101110
111100001110
111100010001
000010110001
111111000110
000000111111
000010101001
000010000110
111110111010
110111100001
000100100011
000000000001
001011101110
000001000001
110000111110
111111100001
000100111010
111000101000
111011001011
000011101011
000000101011
000010110001
111110001101
111100111000
000001011001
000000001001
000000101000
000100010010
111001111011
111100011010
000110000011
111100110100
111111011000
111011100111
110111001000
000011111111
000100111110
111111111011
111111001011
000100010111
000000110001
000011001000
000100000010
000010011000
001001100101
000001011101
000000000011
000101110011
111001101000
001000110110
111011001110
001000011000
000110110001
111111010100
000000111001
000011100110
110010100111
000101110110
000010000000
000010010110
111001110001
110101011011
110100110011
111110010111
000011010000
000001100111
110110110101
111000010100
111101100010
111000001101
111011010100
111110110110
000011010011
111110110000
000010001001
111011100100
000001101010
000010011001
000110011000
111000111101
000101110100
000001011000
000000000110
000111000010
111010000101
111110110011
000101100110
000001001100
111101110001
111010110011
000110010010
111111001011
000111110010
000011010100
000101101101
000011001110
000011001101
110101011100
000010110101
000000011011
000100001101
000001000001
000011111111
111111101011
111101000101
000011100011
000100001000
001011111101
000001111000
000101100101
000000011001
111111101001
111001010000
110101111011
111101111010
000101111011
111100100100
000101011001
111110000101
000000101101
110111010111
111110010100
111111011000
000010101101
110001111101
111011001010
000010100011
000000100110
111001111011
000101111100
110111000111
111000110100
001000100100
000001101011
111000111010
111101101110
111110111001
000000110001
111110011111
000000101010
111010101010
000010001000
000000111010
000010100011
111011000100
000001010011
111111100111
111001111101
111111000100
110111010011
000011110100
111011000001
111111001000
000100110100
111010101111
111010010110
000101101011
000010111011
111000101110
000001100110
111100001100
000011101001
000010011111
000000011101
110111111000
001000100001
111111001111
000100110000
111010100110
000010011001
000100001110
001000111100
110101010111
000101010010
110111000101
111111000100
111000111110
111011101010
001010011110
111110110101
000010110110
000011101111
000111110001
000111111111
111010001110
000101101101
000001000000
111110011110
111101011101
110100000010
111001111011
000111100001
111011001111
111111111101
000101000011
111111000110
111100110010
000001001110
111000110001
111101001010
111010101010
000000110010
110110101101
111101001101
000001001101
111110100101
000111110000
000100110111
000101001100
000100010000
111110011011
110101010111
110100001111
000111001010
000100101011
111000101110
001001100111
000100010001
000101100100
111101111111
111111111111
000101010000
000010010111
000000111010
111001001110
111111010110
110101100100
000111110001
000001111001
111010101111
000100000010
000010001101
111101001101
000101111000
000001101011
000011110100
111101011001
111000000010
000011101001
111100100101
110100010110
000011000001
001000001000
110111010010
111001001001
000001110101
111111110100
110010100101
110101001100
000100100010
111111010011
111110110011
111010011011
110010110000
111010011111
000111010111
000011110010
000110011110
111100010010
000000101010
000000101000
111011100101
000111111000
000100100010
111011100100
000001111000
000001100010
