001001101001
000001010111
000101101000
111101000000
000001001110
111100011101
001101101101
111100001010
111011101010
000111111100
111101111000
111101100011
111111001001
000111110001
000001110100
000110101000
111101011110
000101100111
110101110000
111111010111
000001011101
000101110000
001000110010
111111000111
111010011100
000110101101
111111100001
111001111101
111101000110
000000000010
111000011011
001110011011
000101000000
000000111101
000100111100
001000001000
111001010011
000100011101
000111111111
110011101111
000000111100
000011010100
111111000010
000100110101
000001001111
000011101110
111110101101
111110111000
000000010100
111100010111
000110000100
110110000000
111110010100
000111010100
001001100111
111111000000
000010101111
101111010011
000001010101
000101011010
000100010111
000110111101
000100100010
000010011100
000101010111
111101010000
001000110101
000001110101
000000000000
111011111111
001101101011
000011100001
111110000101
001010011001
111110110111
000011100010
111111101000
000000101110
000000110001
110110001001
000101100011
111111001100
111100100000
111100100000
001000000110
000100100010
111000101000
110101010000
111001101100
000111100110
111100001011
000001100110
000110100101
111111011001
111000000001
001010011100
110011001101
000001101100
001000100011
000101101100
111110011101
111111000101
111100000000
111111010111
111101110010
110001101000
111010110000
111010010001
000011110001
111100100010
000100100010
111001100000
000110000011
001100100110
111000000110
000011011100
001001101001
000110000110
111000011110
000100010001
001010111110
111100011111
000010001101
110111101101
000001110010
000101101000
111101000010
000011110110
111111010011
111001000111
000010011010
001010101100
000011001000
111111101101
000000011011
111110101101
111100001010
000101100000
000010001100
111010000101
111000111011
000100100001
111111111100
110111000110
111111110110
000011101001
111011101110
001011100001
111110100000
000111100101
010010010000
000011001001
111101000010
000010101001
000100101100
111101111100
000011101110
001000111101
001000111001
111100100001
111000011011
111110100001
111001110100
000000000011
110111111100
000000011100
000101101111
000111000011
111101011101
111111001100
000110000100
000110001010
000111010011
000000101110
111010111000
000000101111
000000010011
111101110101
111001001010
111010011101
000001101000
111111101011
111100001100
001011101111
111100100101
000000100101
000101010110
111111001010
000111110001
000000001110
000001001011
111011001111
111011010010
111010111001
000000111011
111111000100
000001000001
000000001100
000001011101
000101010011
000111101001
000100110111
000000011000
000110111100
000110011000
111100100100
111010110111
111010011100
111011001001
111000101101
111100101010
111111001001
111001011101
000101101000
111010000101
000001001101
111100011000
000001011000
000001110101
110100100101
000100101101
000011100011
000011000011
000000011010
111011101101
111001000001
111100010110
000100011001
111101001000
111110101101
111111111110
110110001000
000101110101
111010000010
000001011010
000010110110
000001011001
111011011111
110100101101
000100101000
111110111111
111011011100
000011001010
111110001100
110011000100
000000100101
111110110010
111011100011
000000001110
111100100001
111000001000
000000000001
001010110000
000001001100
111111011100
000000111001
000100100011
000001111100
111011001101
110111010100
000000100111
111100110000
111110011010
110110010111
000000101011
110110101011
001000111011
000100111100
111101001111
111110111101
000000001111
111100010010
110111110010
000101110100
111100110101
001001010101
111001111101
000100101110
000001110100
111111110111
111101011100
111110001000
000000110101
110110001010
111000000100
111010000001
000101100111
000001001110
000011010001
111100011101
111100111100
111001000111
000001010011
110101111001
111001110000
000011011010
000001110100
000011111100
000101010010
111010101010
000001011001
000011000111
110100101100
001011011000
000000001001
111101111100
111101010010
000001001100
111100110101
111110000011
111010101101
000100101101
000111011100
000010000001
111011111010
001111110100
110111011100
111011111111
111000011101
111111000010
000100100010
111110001110
000000111001
000100010100
111110111001
111110001010
000110010100
000101111100
111000001010
001001011011
000110010010
000001010111
111110110110
000001100000
111000011010
000001111000
000101100000
111010010111
111100000011
000001010011
000100101101
000101101110
000011000110
000101000010
111101110100
000001001010
111111000110
000010101011
000011111001
000100011001
000001010100
111000001100
000011010101
000110101011
111110111000
000000001111
000100000000
000010011100
111101111000
000110001000
000100010000
111111110101
000100000001
111111111011
111111110100
000011101100
111111001110
111111011101
001010000010
000101101100
001001101101
111100011001
111111000010
001100000101
111101011101
111010001101
111011000000
000100110101
111100010011
000011001000
000010011011
111100011001
000011110001
111110001001
111100011111
111100011111
000101000101
000011100110
111111111101
110100001011
000100111100
000110100000
000001001001
110110111001
111000001000
110111110100
000010111011
111010101110
111011000100
111010110100
000111010110
110110101011
110001110111
111010101001
110110000111
111001010001
000010100101
111100101110
000110101101
001011011011
111001100010
111011001100
110111100101
000000000010
111100011111
111111001000
000001110010
111101110010
000011101100
000100100011
111101111011
000001100011
000001101001
000011111101
000011111001
111001001010
000110100010
111001000011
111111110000
111100111001
000100000000
000010101111
000001010101
000101100110
110111110101
000001110010
000000100000
000001101000
111100001111
000001110111
111001001110
111110111010
111111000000
000010110000
000010111111
000100011111
000110000011
000010111011
001000110011
111100000110
000010101110
000100110110
111100011101
001010000011
111010100101
000000001010
111110110001
000010111010
001010011111
000010100111
110111000100
111100110110
000011110110
110110011001
111100010100
000011101110
111010001011
111011010100
111100110110
111010100001
000000001110
111001000010
000011101100
111100010000
111111011000
111010100000
000101101110
000010011010
000100101111
000010000011
111010111111
110010111100
000111111001
111101000101
111111011011
110110101101
000001000010
000000110011
111111010011
110000101100
111101010001
111111100101
000010011000
000101001000
000100011110
111011001110
111011010000
000011100110
000001001100
000110011111
000111001100
000110011010
000011111001
000010001111
111111111011
111101110110
000001011110
111111110110
111011011000
000011111101
000110101001
000000000100
000000010000
000010110000
111101100010
111101110011
111000010001
111111011111
000000010111
000011011111
111010010100
000010000111
000011111000
111001001001
111110110010
000110111011
000111101001
000001010100
111110101111
111000010010
110100101010
000011111101
000011110111
000111001010
000100000010
000001011001
111011110110
000110110110
111000110100
000110000010
111000111000
000000111111
111100110011
111010010011
000010011000
111110001001
111110000010
000011111110
111111010011
111010010100
000110111011
000010011110
111000111000
111110111100
000101011001
000100010011
000110000000
111110010111
000010111001
000000111000
111110011011
111100000100
001000001111
111111010011
111100010100
111110001010
000000101010
111100011011
000001011111
000110001111
000011100100
000001101111
001011100110
000001111011
000100011111
111001101111
111011110100
000100110111
110111001001
000001110000
000001000111
111010000011
111110111100
000011111011
000101011010
111100010101
000011110001
000101111000
000100111001
001000001001
000001000100
111110111111
000001000000
111111000011
111011100100
110000001100
001001001000
111111011110
111100100101
111011011001
000100011011
000011101111
111011100101
000001100110
000100100011
000010011100
111011111111
111001011111
000011110111
000011101001
000000110111
000010001111
111011110111
111001010010
000000110011
001000011011
001001100010
111111000100
110111100110
111111110011
000010111011
000011100011
000100100111
000101110001
000010110000
110110001000
001010011000
000001000110
111110001011
110110001111
111011111111
000101011011
111001000000
111101111100
110010011101
000101100010
000111101100
000100001101
111101001110
111110111000
000011011011
000000011010
111101101010
000100111001
111000110000
111010110010
000011101010
110111011001
000001000010
111101101010
001011100100
000101001100
000011000000
111100001100
111100011111
000010011001
111010001101
111110011001
111011001111
000011011001
111000011100
111111011001
111000101110
000000001100
111110001011
000100000111
110110000010
111100110111
001101010110
001010000011
000100101000
000110010000
111110101111
111001100001
111010000010
001000001011
000001001010
000101000011
000111010001
000011000010
111101010100
001000000100
000010110000
111101010010
000101110100
000100111011
000011100011
000001010101
111110010001
111000001100
000001010001
001000001111
000110010011
000000100110
000101011101
000101101010
111000100000
111000011100
111111111100
111001011110
110110011111
000110101001
111010100001
000111111000
000011111010
000101000100
000000010111
110111101000
111101011011
111000110000
111101011111
111111101100
000000110100
000100001110
111010000000
001110000101
000011110011
111001010000
000001011110
111111101101
000001000011
111011000100
111111110111
000000011111
001000111100
111011000111
000111101101
000111010001
111011111000
110111110100
111111101001
000010000010
111110101000
000011010010
111001000100
001000001101
000100011011
000100111010
000000110000
000111010110
111100110011
111110100101
000001110001
000111111110
000011011001
111111100101
111101011001
000011100111
000001011000
111111110001
110110000000
000011011011
000011001110
111010110010
111101101111
111000110111
000110000100
111100111010
000000101000
000100011011
110111010011
111101010000
000000011000
111011100000
111101010101
000101100100
000001010011
000001110111
000101101001
111001110001
111101111001
110110011010
111011100101
111110011110
111111010100
111101001110
111111101100
000000101000
111010100100
000011011101
110111001110
000000110010
111101100100
111011110010
111110011111
110010110110
111011100111
000100100010
111110011011
111100001111
111001110100
111011111010
111010001101
000001100110
000001001010
000010101101
000100111000
000101010010
111011011001
000000110110
000101000110
111100001001
110000111100
000010110100
111110001011
000011010111
110100011100
000011111111
000001011111
001011000110
001011010111
110111110110
000010011010
000010000100
111110000110
000111100101
111010111101
111001100111
111111001010
111110111100
110110000101
111111100001
111101111000
000111000110
110011101011
110011011011
110100011110
111110101010
000000000010
000011111110
000011010111
000101100111
000100000111
111100100000
000110010011
110001001111
000001000100
111111001111
000101101001
111110101100
000010100110
111110100000
111000011111
111010011100
000010100001
000011110000
111011101100
000010001000
000010001111
110110110011
000011100011
001000110000
111110100000
000101101101
000000101011
000001000100
111101011011
000101101011
000100111111
000010110111
000001101101
111000111000
111110011110
111011101111
000001011001
111010011100
000011110001
000010100011
111000111110
000000011110
000100111110
111110111011
000011001101
000000001101
111110000010
000011111000
111101010001
000101100101
111110010110
111010110011
111011010010
000011100001
001001010100
001001110110
111010100010
111001111011
000100011010
000011101100
111111001110
000000000011
111001011100
001000010101
111100100011
000101001111
000111000010
111001100010
111001010000
000000110001
111101010010
000001101110
111011100010
111000110011
111001010000
000000001001
000011000010
111100010001
000110010011
111111001111
000000010001
000001101001
111110101001
111001010010
000010111110
111111101001
110011010110
111011010110
111110111111
000000010111
000010110101
000111010100
111111111111
000010000111
000100011010
000000000101
000011110100
000000010110
111110100110
000110011101
111101011010
000001010000
111111101111
000000111001
111110111110
111001010101
111000100001
110110011101
000101100111
111010000001
111011101000
111101001000
000011101110
001000011101
111010000011
000000110110
000001111001
111100111110
111111010000
110111111011
110010111011
111011011111
000001001111
111010010110
110101000000
000010100101
111011101100
110011001001
001101111101
000100101011
001001000011
111001010000
000001111001
000001000000
110111000100
111101100100
000110010001
000001011100
111000111011
110110000001
001000111001
000011010011
110011111101
111111110001
000100111010
000001011010
000000101101
111110010010
111101000110
111000101000
111111110011
000100000010
111110111001
001000011010
111101000001
111011111101
110101000010
110001101010
000100000111
110110111101
111111010001
110001000000
111100110000
000110001001
111010101011
000011101011
111101111111
001000010111
111100101001
001110000111
111100010110
