1.00000
0.00000
0.99902
-0.00293
0.99902
-0.00586
0.99902
-0.00879
0.99902
-0.01172
0.99902
-0.01465
0.99902
-0.01758
0.99902
-0.02051
0.99902
-0.02441
0.99902
-0.02734
0.99902
-0.03027
0.99902
-0.03320
0.99902
-0.03613
0.99902
-0.03906
0.99902
-0.04199
0.99805
-0.04590
0.99805
-0.04883
0.99805
-0.05176
0.99805
-0.05469
0.99805
-0.05762
0.99805
-0.06055
0.99707
-0.06348
0.99707
-0.06738
0.99707
-0.07031
0.99707
-0.07324
0.99609
-0.07617
0.99609
-0.07910
0.99609
-0.08203
0.99609
-0.08496
0.99512
-0.08789
0.99512
-0.09180
0.99512
-0.09473
0.99512
-0.09766
0.99414
-0.10059
0.99414
-0.10352
0.99414
-0.10645
0.99316
-0.10938
0.99316
-0.11230
0.99316
-0.11621
0.99219
-0.11914
0.99219
-0.12207
0.99121
-0.12500
0.99121
-0.12793
0.99121
-0.13086
0.99023
-0.13379
0.99023
-0.13672
0.98926
-0.14063
0.98926
-0.14355
0.98828
-0.14648
0.98828
-0.14941
0.98730
-0.15234
0.98730
-0.15527
0.98633
-0.15820
0.98633
-0.16113
0.98535
-0.16406
0.98535
-0.16699
0.98438
-0.17090
0.98438
-0.17383
0.98340
-0.17676
0.98340
-0.17969
0.98242
-0.18262
0.98242
-0.18555
0.98145
-0.18848
0.98047
-0.19141
0.98047
-0.19434
0.97949
-0.19727
0.97949
-0.20020
0.97852
-0.20410
0.97754
-0.20703
0.97754
-0.20996
0.97656
-0.21289
0.97559
-0.21582
0.97559
-0.21875
0.97461
-0.22168
0.97363
-0.22461
0.97363
-0.22754
0.97266
-0.23047
0.97168
-0.23340
0.97070
-0.23633
0.97070
-0.23926
0.96973
-0.24219
0.96875
-0.24512
0.96777
-0.24805
0.96680
-0.25098
0.96680
-0.25391
0.96582
-0.25781
0.96484
-0.26074
0.96387
-0.26367
0.96289
-0.26660
0.96289
-0.26953
0.96191
-0.27246
0.96094
-0.27539
0.95996
-0.27832
0.95898
-0.28125
0.95801
-0.28418
0.95703
-0.28711
0.95605
-0.29004
0.95508
-0.29297
0.95508
-0.29590
0.95410
-0.29883
0.95313
-0.30176
0.95215
-0.30469
0.95117
-0.30762
0.95020
-0.31055
0.94922
-0.31348
0.94824
-0.31641
0.94727
-0.31934
0.94629
-0.32227
0.94531
-0.32520
0.94434
-0.32813
0.94336
-0.33105
0.94238
-0.33398
0.94141
-0.33594
0.94043
-0.33887
0.93945
-0.34180
0.93750
-0.34473
0.93652
-0.34766
0.93555
-0.35059
0.93457
-0.35352
0.93359
-0.35645
0.93262
-0.35938
0.93164
-0.36230
0.93066
-0.36523
0.92871
-0.36816
0.92773
-0.37109
0.92676
-0.37402
0.92578
-0.37695
0.92480
-0.37891
0.92383
-0.38184
0.92188
-0.38477
0.92090
-0.38770
0.91992
-0.39063
0.91895
-0.39355
0.91699
-0.39648
0.91602
-0.39941
0.91504
-0.40234
0.91406
-0.40430
0.91211
-0.40723
0.91113
-0.41016
0.91016
-0.41309
0.90820
-0.41602
0.90723
-0.41895
0.90625
-0.42188
0.90527
-0.42383
0.90332
-0.42676
0.90234
-0.42969
0.90039
-0.43262
0.89941
-0.43555
0.89844
-0.43848
0.89648
-0.44043
0.89551
-0.44336
0.89453
-0.44629
0.89258
-0.44922
0.89160
-0.45215
0.88965
-0.45508
0.88867
-0.45703
0.88672
-0.45996
0.88574
-0.46289
0.88477
-0.46582
0.88281
-0.46777
0.88184
-0.47070
0.87988
-0.47363
0.87891
-0.47656
0.87695
-0.47949
0.87598
-0.48145
0.87402
-0.48438
0.87305
-0.48730
0.87109
-0.48926
0.86914
-0.49219
0.86816
-0.49512
0.86621
-0.49805
0.86523
-0.50000
0.86328
-0.50293
0.86230
-0.50586
0.86035
-0.50879
0.85840
-0.51074
0.85742
-0.51367
0.85547
-0.51660
0.85449
-0.51855
0.85254
-0.52148
0.85059
-0.52441
0.84961
-0.52637
0.84766
-0.52930
0.84570
-0.53223
0.84473
-0.53418
0.84277
-0.53711
0.84082
-0.54004
0.83984
-0.54199
0.83789
-0.54492
0.83594
-0.54785
0.83398
-0.54980
0.83301
-0.55273
0.83105
-0.55469
0.82910
-0.55762
0.82715
-0.56055
0.82617
-0.56250
0.82422
-0.56543
0.82227
-0.56738
0.82031
-0.57031
0.81934
-0.57324
0.81738
-0.57520
0.81543
-0.57813
0.81348
-0.58008
0.81152
-0.58301
0.80957
-0.58496
0.80859
-0.58789
0.80664
-0.58984
0.80469
-0.59277
0.80273
-0.59473
0.80078
-0.59766
0.79883
-0.60059
0.79688
-0.60254
0.79492
-0.60547
0.79395
-0.60742
0.79199
-0.61035
0.79004
-0.61230
0.78809
-0.61426
0.78613
-0.61719
0.78418
-0.61914
0.78223
-0.62207
0.78027
-0.62402
0.77832
-0.62695
0.77637
-0.62891
0.77441
-0.63184
0.77246
-0.63379
0.77051
-0.63672
0.76855
-0.63867
0.76660
-0.64063
0.76465
-0.64355
0.76270
-0.64551
0.76074
-0.64844
0.75879
-0.65039
0.75684
-0.65234
0.75488
-0.65527
0.75293
-0.65723
0.75098
-0.65918
0.74902
-0.66211
0.74707
-0.66406
0.74414
-0.66699
0.74219
-0.66895
0.74023
-0.67090
0.73828
-0.67383
0.73633
-0.67578
0.73438
-0.67773
0.73242
-0.67969
0.73047
-0.68262
0.72754
-0.68457
0.72559
-0.68652
0.72363
-0.68945
0.72168
-0.69141
0.71973
-0.69336
0.71777
-0.69531
0.71484
-0.69824
0.71289
-0.70020
0.71094
-0.70215
0.70898
-0.70410
0.70703
-0.70703
0.70410
-0.70898
0.70215
-0.71094
0.70020
-0.71289
0.69824
-0.71484
0.69531
-0.71777
0.69336
-0.71973
0.69141
-0.72168
0.68945
-0.72363
0.68652
-0.72559
0.68457
-0.72754
0.68262
-0.73047
0.67969
-0.73242
0.67773
-0.73438
0.67578
-0.73633
0.67383
-0.73828
0.67090
-0.74023
0.66895
-0.74219
0.66699
-0.74414
0.66406
-0.74707
0.66211
-0.74902
0.65918
-0.75098
0.65723
-0.75293
0.65527
-0.75488
0.65234
-0.75684
0.65039
-0.75879
0.64844
-0.76074
0.64551
-0.76270
0.64355
-0.76465
0.64063
-0.76660
0.63867
-0.76855
0.63672
-0.77051
0.63379
-0.77246
0.63184
-0.77441
0.62891
-0.77637
0.62695
-0.77832
0.62402
-0.78027
0.62207
-0.78223
0.61914
-0.78418
0.61719
-0.78613
0.61426
-0.78809
0.61230
-0.79004
0.61035
-0.79199
0.60742
-0.79395
0.60547
-0.79492
0.60254
-0.79688
0.60059
-0.79883
0.59766
-0.80078
0.59473
-0.80273
0.59277
-0.80469
0.58984
-0.80664
0.58789
-0.80859
0.58496
-0.80957
0.58301
-0.81152
0.58008
-0.81348
0.57813
-0.81543
0.57520
-0.81738
0.57324
-0.81934
0.57031
-0.82031
0.56738
-0.82227
0.56543
-0.82422
0.56250
-0.82617
0.56055
-0.82715
0.55762
-0.82910
0.55469
-0.83105
0.55273
-0.83301
0.54980
-0.83398
0.54785
-0.83594
0.54492
-0.83789
0.54199
-0.83984
0.54004
-0.84082
0.53711
-0.84277
0.53418
-0.84473
0.53223
-0.84570
0.52930
-0.84766
0.52637
-0.84961
0.52441
-0.85059
0.52148
-0.85254
0.51855
-0.85449
0.51660
-0.85547
0.51367
-0.85742
0.51074
-0.85840
0.50879
-0.86035
0.50586
-0.86230
0.50293
-0.86328
0.50000
-0.86523
0.49805
-0.86621
0.49512
-0.86816
0.49219
-0.86914
0.48926
-0.87109
0.48730
-0.87305
0.48438
-0.87402
0.48145
-0.87598
0.47949
-0.87695
0.47656
-0.87891
0.47363
-0.87988
0.47070
-0.88184
0.46777
-0.88281
0.46582
-0.88477
0.46289
-0.88574
0.45996
-0.88672
0.45703
-0.88867
0.45508
-0.88965
0.45215
-0.89160
0.44922
-0.89258
0.44629
-0.89453
0.44336
-0.89551
0.44043
-0.89648
0.43848
-0.89844
0.43555
-0.89941
0.43262
-0.90039
0.42969
-0.90234
0.42676
-0.90332
0.42383
-0.90527
0.42188
-0.90625
0.41895
-0.90723
0.41602
-0.90820
0.41309
-0.91016
0.41016
-0.91113
0.40723
-0.91211
0.40430
-0.91406
0.40234
-0.91504
0.39941
-0.91602
0.39648
-0.91699
0.39355
-0.91895
0.39063
-0.91992
0.38770
-0.92090
0.38477
-0.92188
0.38184
-0.92383
0.37891
-0.92480
0.37695
-0.92578
0.37402
-0.92676
0.37109
-0.92773
0.36816
-0.92871
0.36523
-0.93066
0.36230
-0.93164
0.35938
-0.93262
0.35645
-0.93359
0.35352
-0.93457
0.35059
-0.93555
0.34766
-0.93652
0.34473
-0.93750
0.34180
-0.93945
0.33887
-0.94043
0.33594
-0.94141
0.33398
-0.94238
0.33105
-0.94336
0.32813
-0.94434
0.32520
-0.94531
0.32227
-0.94629
0.31934
-0.94727
0.31641
-0.94824
0.31348
-0.94922
0.31055
-0.95020
0.30762
-0.95117
0.30469
-0.95215
0.30176
-0.95313
0.29883
-0.95410
0.29590
-0.95508
0.29297
-0.95508
0.29004
-0.95605
0.28711
-0.95703
0.28418
-0.95801
0.28125
-0.95898
0.27832
-0.95996
0.27539
-0.96094
0.27246
-0.96191
0.26953
-0.96289
0.26660
-0.96289
0.26367
-0.96387
0.26074
-0.96484
0.25781
-0.96582
0.25391
-0.96680
0.25098
-0.96680
0.24805
-0.96777
0.24512
-0.96875
0.24219
-0.96973
0.23926
-0.97070
0.23633
-0.97070
0.23340
-0.97168
0.23047
-0.97266
0.22754
-0.97363
0.22461
-0.97363
0.22168
-0.97461
0.21875
-0.97559
0.21582
-0.97559
0.21289
-0.97656
0.20996
-0.97754
0.20703
-0.97754
0.20410
-0.97852
0.20020
-0.97949
0.19727
-0.97949
0.19434
-0.98047
0.19141
-0.98047
0.18848
-0.98145
0.18555
-0.98242
0.18262
-0.98242
0.17969
-0.98340
0.17676
-0.98340
0.17383
-0.98438
0.17090
-0.98438
0.16699
-0.98535
0.16406
-0.98535
0.16113
-0.98633
0.15820
-0.98633
0.15527
-0.98730
0.15234
-0.98730
0.14941
-0.98828
0.14648
-0.98828
0.14355
-0.98926
0.14063
-0.98926
0.13672
-0.99023
0.13379
-0.99023
0.13086
-0.99121
0.12793
-0.99121
0.12500
-0.99121
0.12207
-0.99219
0.11914
-0.99219
0.11621
-0.99316
0.11230
-0.99316
0.10938
-0.99316
0.10645
-0.99414
0.10352
-0.99414
0.10059
-0.99414
0.09766
-0.99512
0.09473
-0.99512
0.09180
-0.99512
0.08789
-0.99512
0.08496
-0.99609
0.08203
-0.99609
0.07910
-0.99609
0.07617
-0.99609
0.07324
-0.99707
0.07031
-0.99707
0.06738
-0.99707
0.06348
-0.99707
0.06055
-0.99805
0.05762
-0.99805
0.05469
-0.99805
0.05176
-0.99805
0.04883
-0.99805
0.04590
-0.99805
0.04199
-0.99902
0.03906
-0.99902
0.03613
-0.99902
0.03320
-0.99902
0.03027
-0.99902
0.02734
-0.99902
0.02441
-0.99902
0.02051
-0.99902
0.01758
-0.99902
0.01465
-0.99902
0.01172
-0.99902
0.00879
-0.99902
0.00586
-0.99902
0.00293
-0.99902
0.00000
-1.00000
-0.00293
-0.99902
-0.00586
-0.99902
-0.00879
-0.99902
-0.01172
-0.99902
-0.01465
-0.99902
-0.01758
-0.99902
-0.02051
-0.99902
-0.02441
-0.99902
-0.02734
-0.99902
-0.03027
-0.99902
-0.03320
-0.99902
-0.03613
-0.99902
-0.03906
-0.99902
-0.04199
-0.99902
-0.04590
-0.99805
-0.04883
-0.99805
-0.05176
-0.99805
-0.05469
-0.99805
-0.05762
-0.99805
-0.06055
-0.99805
-0.06348
-0.99707
-0.06738
-0.99707
-0.07031
-0.99707
-0.07324
-0.99707
-0.07617
-0.99609
-0.07910
-0.99609
-0.08203
-0.99609
-0.08496
-0.99609
-0.08789
-0.99512
-0.09180
-0.99512
-0.09473
-0.99512
-0.09766
-0.99512
-0.10059
-0.99414
-0.10352
-0.99414
-0.10645
-0.99414
-0.10938
-0.99316
-0.11230
-0.99316
-0.11621
-0.99316
-0.11914
-0.99219
-0.12207
-0.99219
-0.12500
-0.99121
-0.12793
-0.99121
-0.13086
-0.99121
-0.13379
-0.99023
-0.13672
-0.99023
-0.14063
-0.98926
-0.14355
-0.98926
-0.14648
-0.98828
-0.14941
-0.98828
-0.15234
-0.98730
-0.15527
-0.98730
-0.15820
-0.98633
-0.16113
-0.98633
-0.16406
-0.98535
-0.16699
-0.98535
-0.17090
-0.98438
-0.17383
-0.98438
-0.17676
-0.98340
-0.17969
-0.98340
-0.18262
-0.98242
-0.18555
-0.98242
-0.18848
-0.98145
-0.19141
-0.98047
-0.19434
-0.98047
-0.19727
-0.97949
-0.20020
-0.97949
-0.20410
-0.97852
-0.20703
-0.97754
-0.20996
-0.97754
-0.21289
-0.97656
-0.21582
-0.97559
-0.21875
-0.97559
-0.22168
-0.97461
-0.22461
-0.97363
-0.22754
-0.97363
-0.23047
-0.97266
-0.23340
-0.97168
-0.23633
-0.97070
-0.23926
-0.97070
-0.24219
-0.96973
-0.24512
-0.96875
-0.24805
-0.96777
-0.25098
-0.96680
-0.25391
-0.96680
-0.25781
-0.96582
-0.26074
-0.96484
-0.26367
-0.96387
-0.26660
-0.96289
-0.26953
-0.96289
-0.27246
-0.96191
-0.27539
-0.96094
-0.27832
-0.95996
-0.28125
-0.95898
-0.28418
-0.95801
-0.28711
-0.95703
-0.29004
-0.95605
-0.29297
-0.95508
-0.29590
-0.95508
-0.29883
-0.95410
-0.30176
-0.95313
-0.30469
-0.95215
-0.30762
-0.95117
-0.31055
-0.95020
-0.31348
-0.94922
-0.31641
-0.94824
-0.31934
-0.94727
-0.32227
-0.94629
-0.32520
-0.94531
-0.32813
-0.94434
-0.33105
-0.94336
-0.33398
-0.94238
-0.33594
-0.94141
-0.33887
-0.94043
-0.34180
-0.93945
-0.34473
-0.93750
-0.34766
-0.93652
-0.35059
-0.93555
-0.35352
-0.93457
-0.35645
-0.93359
-0.35938
-0.93262
-0.36230
-0.93164
-0.36523
-0.93066
-0.36816
-0.92871
-0.37109
-0.92773
-0.37402
-0.92676
-0.37695
-0.92578
-0.37891
-0.92480
-0.38184
-0.92383
-0.38477
-0.92188
-0.38770
-0.92090
-0.39063
-0.91992
-0.39355
-0.91895
-0.39648
-0.91699
-0.39941
-0.91602
-0.40234
-0.91504
-0.40430
-0.91406
-0.40723
-0.91211
-0.41016
-0.91113
-0.41309
-0.91016
-0.41602
-0.90820
-0.41895
-0.90723
-0.42188
-0.90625
-0.42383
-0.90527
-0.42676
-0.90332
-0.42969
-0.90234
-0.43262
-0.90039
-0.43555
-0.89941
-0.43848
-0.89844
-0.44043
-0.89648
-0.44336
-0.89551
-0.44629
-0.89453
-0.44922
-0.89258
-0.45215
-0.89160
-0.45508
-0.88965
-0.45703
-0.88867
-0.45996
-0.88672
-0.46289
-0.88574
-0.46582
-0.88477
-0.46777
-0.88281
-0.47070
-0.88184
-0.47363
-0.87988
-0.47656
-0.87891
-0.47949
-0.87695
-0.48145
-0.87598
-0.48438
-0.87402
-0.48730
-0.87305
-0.48926
-0.87109
-0.49219
-0.86914
-0.49512
-0.86816
-0.49805
-0.86621
-0.50000
-0.86523
-0.50293
-0.86328
-0.50586
-0.86230
-0.50879
-0.86035
-0.51074
-0.85840
-0.51367
-0.85742
-0.51660
-0.85547
-0.51855
-0.85449
-0.52148
-0.85254
-0.52441
-0.85059
-0.52637
-0.84961
-0.52930
-0.84766
-0.53223
-0.84570
-0.53418
-0.84473
-0.53711
-0.84277
-0.54004
-0.84082
-0.54199
-0.83984
-0.54492
-0.83789
-0.54785
-0.83594
-0.54980
-0.83398
-0.55273
-0.83301
-0.55469
-0.83105
-0.55762
-0.82910
-0.56055
-0.82715
-0.56250
-0.82617
-0.56543
-0.82422
-0.56738
-0.82227
-0.57031
-0.82031
-0.57324
-0.81934
-0.57520
-0.81738
-0.57813
-0.81543
-0.58008
-0.81348
-0.58301
-0.81152
-0.58496
-0.80957
-0.58789
-0.80859
-0.58984
-0.80664
-0.59277
-0.80469
-0.59473
-0.80273
-0.59766
-0.80078
-0.60059
-0.79883
-0.60254
-0.79688
-0.60547
-0.79492
-0.60742
-0.79395
-0.61035
-0.79199
-0.61230
-0.79004
-0.61426
-0.78809
-0.61719
-0.78613
-0.61914
-0.78418
-0.62207
-0.78223
-0.62402
-0.78027
-0.62695
-0.77832
-0.62891
-0.77637
-0.63184
-0.77441
-0.63379
-0.77246
-0.63672
-0.77051
-0.63867
-0.76855
-0.64063
-0.76660
-0.64355
-0.76465
-0.64551
-0.76270
-0.64844
-0.76074
-0.65039
-0.75879
-0.65234
-0.75684
-0.65527
-0.75488
-0.65723
-0.75293
-0.65918
-0.75098
-0.66211
-0.74902
-0.66406
-0.74707
-0.66699
-0.74414
-0.66895
-0.74219
-0.67090
-0.74023
-0.67383
-0.73828
-0.67578
-0.73633
-0.67773
-0.73438
-0.67969
-0.73242
-0.68262
-0.73047
-0.68457
-0.72754
-0.68652
-0.72559
-0.68945
-0.72363
-0.69141
-0.72168
-0.69336
-0.71973
-0.69531
-0.71777
-0.69824
-0.71484
-0.70020
-0.71289
-0.70215
-0.71094
-0.70410
-0.70898
-0.70703
-0.70703
-0.70898
-0.70410
-0.71094
-0.70215
-0.71289
-0.70020
-0.71484
-0.69824
-0.71777
-0.69531
-0.71973
-0.69336
-0.72168
-0.69141
-0.72363
-0.68945
-0.72559
-0.68652
-0.72754
-0.68457
-0.73047
-0.68262
-0.73242
-0.67969
-0.73438
-0.67773
-0.73633
-0.67578
-0.73828
-0.67383
-0.74023
-0.67090
-0.74219
-0.66895
-0.74414
-0.66699
-0.74707
-0.66406
-0.74902
-0.66211
-0.75098
-0.65918
-0.75293
-0.65723
-0.75488
-0.65527
-0.75684
-0.65234
-0.75879
-0.65039
-0.76074
-0.64844
-0.76270
-0.64551
-0.76465
-0.64355
-0.76660
-0.64063
-0.76855
-0.63867
-0.77051
-0.63672
-0.77246
-0.63379
-0.77441
-0.63184
-0.77637
-0.62891
-0.77832
-0.62695
-0.78027
-0.62402
-0.78223
-0.62207
-0.78418
-0.61914
-0.78613
-0.61719
-0.78809
-0.61426
-0.79004
-0.61230
-0.79199
-0.61035
-0.79395
-0.60742
-0.79492
-0.60547
-0.79688
-0.60254
-0.79883
-0.60059
-0.80078
-0.59766
-0.80273
-0.59473
-0.80469
-0.59277
-0.80664
-0.58984
-0.80859
-0.58789
-0.80957
-0.58496
-0.81152
-0.58301
-0.81348
-0.58008
-0.81543
-0.57813
-0.81738
-0.57520
-0.81934
-0.57324
-0.82031
-0.57031
-0.82227
-0.56738
-0.82422
-0.56543
-0.82617
-0.56250
-0.82715
-0.56055
-0.82910
-0.55762
-0.83105
-0.55469
-0.83301
-0.55273
-0.83398
-0.54980
-0.83594
-0.54785
-0.83789
-0.54492
-0.83984
-0.54199
-0.84082
-0.54004
-0.84277
-0.53711
-0.84473
-0.53418
-0.84570
-0.53223
-0.84766
-0.52930
-0.84961
-0.52637
-0.85059
-0.52441
-0.85254
-0.52148
-0.85449
-0.51855
-0.85547
-0.51660
-0.85742
-0.51367
-0.85840
-0.51074
-0.86035
-0.50879
-0.86230
-0.50586
-0.86328
-0.50293
-0.86523
-0.50000
-0.86621
-0.49805
-0.86816
-0.49512
-0.86914
-0.49219
-0.87109
-0.48926
-0.87305
-0.48730
-0.87402
-0.48438
-0.87598
-0.48145
-0.87695
-0.47949
-0.87891
-0.47656
-0.87988
-0.47363
-0.88184
-0.47070
-0.88281
-0.46777
-0.88477
-0.46582
-0.88574
-0.46289
-0.88672
-0.45996
-0.88867
-0.45703
-0.88965
-0.45508
-0.89160
-0.45215
-0.89258
-0.44922
-0.89453
-0.44629
-0.89551
-0.44336
-0.89648
-0.44043
-0.89844
-0.43848
-0.89941
-0.43555
-0.90039
-0.43262
-0.90234
-0.42969
-0.90332
-0.42676
-0.90527
-0.42383
-0.90625
-0.42188
-0.90723
-0.41895
-0.90820
-0.41602
-0.91016
-0.41309
-0.91113
-0.41016
-0.91211
-0.40723
-0.91406
-0.40430
-0.91504
-0.40234
-0.91602
-0.39941
-0.91699
-0.39648
-0.91895
-0.39355
-0.91992
-0.39063
-0.92090
-0.38770
-0.92188
-0.38477
-0.92383
-0.38184
-0.92480
-0.37891
-0.92578
-0.37695
-0.92676
-0.37402
-0.92773
-0.37109
-0.92871
-0.36816
-0.93066
-0.36523
-0.93164
-0.36230
-0.93262
-0.35938
-0.93359
-0.35645
-0.93457
-0.35352
-0.93555
-0.35059
-0.93652
-0.34766
-0.93750
-0.34473
-0.93945
-0.34180
-0.94043
-0.33887
-0.94141
-0.33594
-0.94238
-0.33398
-0.94336
-0.33105
-0.94434
-0.32813
-0.94531
-0.32520
-0.94629
-0.32227
-0.94727
-0.31934
-0.94824
-0.31641
-0.94922
-0.31348
-0.95020
-0.31055
-0.95117
-0.30762
-0.95215
-0.30469
-0.95313
-0.30176
-0.95410
-0.29883
-0.95508
-0.29590
-0.95508
-0.29297
-0.95605
-0.29004
-0.95703
-0.28711
-0.95801
-0.28418
-0.95898
-0.28125
-0.95996
-0.27832
-0.96094
-0.27539
-0.96191
-0.27246
-0.96289
-0.26953
-0.96289
-0.26660
-0.96387
-0.26367
-0.96484
-0.26074
-0.96582
-0.25781
-0.96680
-0.25391
-0.96680
-0.25098
-0.96777
-0.24805
-0.96875
-0.24512
-0.96973
-0.24219
-0.97070
-0.23926
-0.97070
-0.23633
-0.97168
-0.23340
-0.97266
-0.23047
-0.97363
-0.22754
-0.97363
-0.22461
-0.97461
-0.22168
-0.97559
-0.21875
-0.97559
-0.21582
-0.97656
-0.21289
-0.97754
-0.20996
-0.97754
-0.20703
-0.97852
-0.20410
-0.97949
-0.20020
-0.97949
-0.19727
-0.98047
-0.19434
-0.98047
-0.19141
-0.98145
-0.18848
-0.98242
-0.18555
-0.98242
-0.18262
-0.98340
-0.17969
-0.98340
-0.17676
-0.98438
-0.17383
-0.98438
-0.17090
-0.98535
-0.16699
-0.98535
-0.16406
-0.98633
-0.16113
-0.98633
-0.15820
-0.98730
-0.15527
-0.98730
-0.15234
-0.98828
-0.14941
-0.98828
-0.14648
-0.98926
-0.14355
-0.98926
-0.14063
-0.99023
-0.13672
-0.99023
-0.13379
-0.99121
-0.13086
-0.99121
-0.12793
-0.99121
-0.12500
-0.99219
-0.12207
-0.99219
-0.11914
-0.99316
-0.11621
-0.99316
-0.11230
-0.99316
-0.10938
-0.99414
-0.10645
-0.99414
-0.10352
-0.99414
-0.10059
-0.99512
-0.09766
-0.99512
-0.09473
-0.99512
-0.09180
-0.99512
-0.08789
-0.99609
-0.08496
-0.99609
-0.08203
-0.99609
-0.07910
-0.99609
-0.07617
-0.99707
-0.07324
-0.99707
-0.07031
-0.99707
-0.06738
-0.99707
-0.06348
-0.99805
-0.06055
-0.99805
-0.05762
-0.99805
-0.05469
-0.99805
-0.05176
-0.99805
-0.04883
-0.99805
-0.04590
-0.99902
-0.04199
-0.99902
-0.03906
-0.99902
-0.03613
-0.99902
-0.03320
-0.99902
-0.03027
-0.99902
-0.02734
-0.99902
-0.02441
-0.99902
-0.02051
-0.99902
-0.01758
-0.99902
-0.01465
-0.99902
-0.01172
-0.99902
-0.00879
-0.99902
-0.00586
-0.99902
-0.00293
